83
467
31
481
21
465
188
986
117
978
800
825
988
77
375
936
721
639
450
611
488
443
478
931
186
261
513
788
646
124
214
96
510
326
285
472
677
899
697
968
521
419
619
654
218
683
610
156
403
855
73
920
494
190
476
199
322
1023
517
105
678
951
871
344
633
171
505
336
24
363
393
948
974
111
212
302
663
787
1012
10
263
813
592
903
198
1003
628
110
702
93
174
345
519
500
244
155
315
1013
401
477
815
989
625
69
438
440
245
623
454
87
463
908
912
157
851
462
379
275
798
175
783
766
291
57
269
509
489
585
935
984
34
406
895
567
256
246
318
101
932
802
484
957
238
381
292
376
268
838
853
181
557
407
570
782
178
508
655
866
1017
75
461
977
710
411
297
353
91
46
39
428
452
959
152
741
886
158
724
27
197
703
921
373
807
735
792
901
722
627
265
441
180
891
976
964
413
434
572
328
154
161
960
670
873
405
612
252
898
529
1020
36
12
1022
4
794
122
609
917
1018
402
542
370
47
687
745
526
167
656
469
447
910
5
713
994
569
784
734
456
243
35
588
232
137
330
187
914
496
634
520
822
711
142
9
359
883
967
518
164
130
571
949
1
743
126
580
247
79
647
581
279
185
151
168
621
193
767
300
313
74
549
593
7
464
421
329
473
20
371
845
453
537
321
139
723
408
947
220
501
40
890
706
839
195
729
785
58
602
820
325
205
114
905
889
55
385
427
622
299
651
389
133
600
911
84
693
575
102
189
744
296
574
196
704
664
757
878
928
640
591
249
97
1014
925
511
641
182
773
264
837
80
995
208
770
216
357
716
1008
941
548
307
887
1005
362
226
8
897
922
241
544
943
364
709
750
996
127
812
945
742
400
468
118
116
66
172
747
251
348
811
804
740
616
1004
423
367
532
471
690
445
85
645
104
525
236
319
524
583
143
71
771
686
273
869
507
599
113
568
515
828
806
159
695
23
334
131
352
316
317
882
692
985
848
987
765
675
115
303
392
913
667
528
832
37
132
775
15
418
140
999
759
76
676
125
538
270
502
141
737
561
842
201
128
902
843
56
404
135
1009
632
435
343
314
990
479
482
177
868
637
736
867
669
200
982
64
62
539
253
546
880
997
311
881
32
121
629
555
430
72
618
29
284
234
136
26
384
1019
668
240
397
598
954
191
904
65
204
776
626
699
850
278
150
551
41
396
3
552
939
491
955
51
613
166
644
541
474
870
827
237
963
803
877
564
398
607
888
260
972
217
309
821
416
16
840
162
483
146
553
487
933
705
701
134
495
149
382
929
535
366
106
927
223
586
14
715
173
439
210
681
242
726
636
86
662
584
805
429
700
192
287
732
879
490
203
422
377
577
523
973
338
975
176
650
829
893
351
485
455
944
459
758
436
412
847
617
506
671
980
81
823
207
230
235
831
112
642
956
923
257
95
907
638
323
360
727
777
981
698
38
227
516
781
858
89
801
810
684
202
286
444
98
653
587
958
50
533
679
1000
43
522
466
872
909
282
78
919
563
90
860
446
1001
971
432
94
918
531
605
283
673
733
184
817
573
386
969
48
342
658
1011
426
378
550
399
674
276
809
672
717
545
310
751
383
530
789
725
826
225
147
331
768
559
926
54
209
503
797
60
790
596
206
301
449
582
728
649
830
689
714
361
1010
274
153
45
834
863
738
33
2
88
148
795
846
856
816
499
327
42
906
457
339
239
942
624
720
554
536
460
248
68
169
277
885
648
685
953
576
355
808
99
836
892
433
337
774
369
335
862
859
1015
119
145
566
844
833
965
779
852
228
556
760
924
332
547
497
340
442
165
144
356
719
560
694
763
991
13
30
915
884
660
961
861
70
49
280
934
222
304
498
390
786
312
780
841
22
103
451
258
608
652
341
424
565
876
475
305
290
308
688
229
358
930
387
635
480
864
799
657
486
778
211
865
417
796
772
11
346
160
414
492
739
604
940
374
680
746
769
138
17
666
682
163
391
293
992
665
266
349
448
707
849
752
82
320
966
1006
979
814
661
53
295
224
762
425
896
44
558
306
194
534
589
916
108
631
289
107
267
615
129
470
394
601
109
63
365
288
170
970
281
262
19
614
221
512
415
61
562
857
272
100
324
540
350
213
603
938
294
67
395
894
696
597
493
431
1016
347
691
1007
1024
219
874
259
791
606
755
254
875
183
712
753
754
527
595
52
6
819
255
946
659
410
368
937
437
458
504
578
215
271
998
630
756
514
18
730
748
900
354
731
993
718
761
333
92
388
59
1021
298
543
231
1002
233
420
372
28
854
793
594
250
409
983
764
749
824
179
962
708
952
123
643
380
579
120
950
835
620
818
25
590
