997
10215
6312
1548
10138
8994
16374
14798
16237
9881
13481
12780
6323
15630
15612
2035
2864
11671
7375
14104
12725
7194
2113
5984
5375
15415
13433
8465
2835
14029
14801
4287
2130
10982
12354
1428
1612
95
4812
8092
1995
10848
12409
4485
13727
3018
1488
11079
6172
12748
7913
1209
13983
3972
3430
8650
11894
6399
994
6248
8404
868
9728
6219
11216
1513
14349
11499
16355
6392
14687
12504
2891
12491
10117
2803
8939
12382
582
4751
3539
9068
10419
7068
4216
5863
2742
8142
6481
5016
11609
16314
15283
728
10505
86
2745
15395
12693
3132
15764
12444
9535
1248
726
13748
6783
7022
4970
9699
2031
9840
3709
1714
1525
2692
8464
6085
11519
7467
11240
1603
1364
15360
12765
3376
8800
4647
13584
9036
1917
5194
8914
11223
11485
1369
12973
4016
10852
464
1331
943
9887
4131
2785
16214
7941
9388
3403
5533
10518
11459
8373
15215
4998
2218
8434
3913
15426
1533
7812
122
14082
6869
7643
2185
7731
4014
12441
15115
16324
8607
12701
7960
15281
13647
11024
2997
15837
9824
2596
462
15095
16301
14277
1277
14258
9321
11833
14579
8621
9911
10275
4363
1017
504
12198
5794
9421
3325
11888
65
8000
7198
4233
16200
8990
6443
15224
9545
9447
14596
14362
12200
2323
9213
8199
7912
14672
9509
7320
11304
928
12403
8454
9032
11104
7958
6325
3733
12357
3317
2579
15210
14822
2637
9104
1515
1751
11554
1551
2128
12095
5703
11139
6529
9700
9719
5372
7836
4306
7073
9370
13350
5517
5748
14659
32
5873
3117
9382
7075
144
11774
1750
3956
9012
1664
14743
12830
13978
1765
15267
3522
13574
1029
5815
10611
11758
9017
14608
1177
5512
9951
13172
7313
11767
15419
5666
9713
7469
770
1531
16378
3814
559
13095
6798
9237
10066
10770
9694
12995
10097
8583
5333
16105
13159
9338
14780
4606
5504
7818
5339
12472
7526
15098
13208
9688
8624
13968
545
7956
3597
10803
16125
15017
1856
11787
15594
4833
1159
15806
10146
14313
8212
12418
13346
4009
5706
15584
10126
3419
6977
1459
3878
14889
3959
12023
15833
2347
2075
8835
11849
14097
6203
3575
3525
13783
13158
2691
11997
1012
1371
13769
16047
10681
13603
6326
15037
14181
15484
15513
13318
4169
13265
2699
3369
1113
2937
1489
8084
15735
9130
7708
15751
664
7473
7292
14809
13776
6878
698
3342
8488
6005
9708
12880
6109
2230
9468
10285
4276
1130
8689
4780
7257
12460
16373
2550
370
8882
7602
11092
15155
1966
14239
10760
6881
4141
6328
14578
14855
10185
7238
16068
3476
1773
10605
4581
1480
13629
192
11825
16332
3436
9886
618
11280
11328
8360
12746
10822
6902
15775
7378
14915
13720
8367
2291
3851
7525
1860
8663
12356
10845
15616
14909
3466
2177
1423
2229
3443
9990
10520
14995
6928
15633
5013
16054
8550
15299
1741
892
15683
12260
3494
15284
15643
8987
4521
3005
7840
977
10783
9931
9376
5865
4062
10906
2900
749
10718
1347
11633
2395
12838
13838
10642
11126
499
5971
4942
6242
12390
13841
13287
116
10236
7166
6860
10922
13918
14553
15917
12326
2392
7873
6008
4343
5847
12229
1920
8609
3984
10710
4145
2983
5032
2226
1619
5302
2471
3365
9400
12252
10553
3521
6747
14015
10353
7055
9513
88
12359
2927
8010
13964
8075
14868
4159
1360
8410
5081
414
11375
10972
10699
123
7774
2338
15968
5774
9942
9114
10319
1842
3674
3592
9706
9770
15939
9611
6527
3758
13394
1411
11518
7660
3882
7302
4715
4706
6424
4278
12480
15913
4955
2689
9944
11544
6854
1997
7027
5447
6713
6011
16243
6115
15818
2293
7598
6467
6901
16159
6850
10022
2133
3358
13712
10913
15609
15645
2783
10013
11745
7394
3761
13226
267
424
13925
14039
12499
2656
14779
6241
1739
12261
2907
15183
8995
9082
10751
3786
16384
10991
15634
5126
6624
8646
3292
3683
1002
991
10017
4151
6665
13492
12237
425
14968
9606
6849
4667
1114
1578
15765
9072
1460
13644
5183
1073
11421
539
15186
8745
5882
7634
171
8523
12369
4271
4553
2448
8389
15309
6882
8401
13025
9430
9692
12602
1007
15693
10725
15922
12702
14399
4865
10743
10192
10122
4167
6575
14022
16167
9285
12224
15869
2096
13758
12242
3426
11050
3285
9520
5646
12287
1943
7300
3298
2412
1663
10224
1994
9717
13013
11075
7438
15879
435
10324
15202
3338
9505
652
1437
7083
3156
13548
9970
14434
14925
8941
8453
15052
12151
15072
9612
9028
1109
5277
3343
7547
15496
11944
5658
8221
14623
2025
14614
11035
7504
6619
11551
11089
10764
3829
14178
2191
10398
2859
13615
2668
11400
16064
15972
1873
4615
12262
13441
12164
12994
3624
15135
1297
14750
7248
5456
15625
6946
10692
13554
14367
11872
5679
12013
16236
9299
12777
4699
279
7869
13251
515
15843
12872
12857
14308
3671
950
4856
16133
7801
3420
10447
2760
2524
15718
12808
1680
5206
834
113
6402
14948
4584
7281
9965
4662
1593
11413
8991
433
4934
5428
14202
787
15795
8796
4055
466
6692
13467
13625
5778
3510
12853
9463
15079
7889
14475
15801
12606
12656
1216
5638
14056
10051
6697
7622
12244
9026
13386
10779
13136
12659
1199
13525
14111
4345
1082
7886
4344
542
1185
7600
10638
12395
11360
1430
4389
3636
4716
11222
4173
13478
1805
80
9581
13380
10500
14073
14815
11594
13619
12690
517
11138
1725
305
11414
6434
11383
6395
565
15949
10305
13804
7357
2055
8534
10654
13026
5099
9973
3459
6737
16211
1847
6043
7188
7994
3804
1887
14810
10861
15755
14020
8561
7783
14213
4941
6451
10124
11577
7100
14617
4854
7628
6101
5615
14953
11614
5727
2572
661
11501
15006
2424
8943
4672
10523
2730
9205
3979
15900
13358
1230
12666
6041
3805
14451
7231
1093
1567
12957
13573
14083
8947
9583
1998
14903
12083
12576
8892
11604
1701
2683
12470
1877
10230
9133
13270
10416
6838
7275
10280
10799
15675
7041
10123
13297
14075
14850
11330
6429
9847
13368
1503
6816
8982
4590
4457
1239
11942
12711
622
3421
6430
2134
8062
8249
322
14491
15963
13945
9457
9116
14471
1433
7086
12940
10375
14511
3934
5174
6350
6689
8706
4197
3187
10062
15136
4475
400
7004
11176
12018
10119
4766
2006
6474
14563
13188
1777
4633
13894
330
11670
4
4118
10540
13697
3452
4239
9153
5475
5344
12156
8529
3586
7750
7420
2173
1283
11704
13874
14176
6825
13284
54
10475
5902
1945
2658
4187
5538
7298
15252
13815
576
6433
7621
704
13254
13849
7603
11683
3810
11118
1833
8803
14916
11746
14372
12762
6596
2822
13149
6042
3330
260
12821
5560
100
13814
15255
6684
7398
14066
13404
12446
8819
7030
2087
4210
2514
12993
7773
1696
15786
10184
3270
3408
11453
10465
11003
8813
392
11556
9587
2162
2890
10737
5741
5654
10182
105
13104
10653
7866
4640
6344
2544
8003
1388
16357
5393
11394
15719
15692
7013
3670
2894
1261
13674
14215
1681
6247
2780
6719
10496
12512
3942
14784
8297
4503
9002
11067
15075
12340
11284
5503
13110
3555
4829
4508
14395
9685
16029
7885
10143
5162
12616
5215
3801
15474
11790
11943
9723
12303
11046
13508
3274
15432
9312
16173
6996
11203
2583
1969
6784
10714
3260
3653
1521
11181
16143
11545
431
10669
11778
7841
2679
15209
586
12627
9856
11512
475
6560
8227
262
10040
3746
12898
3316
6457
7673
11975
7857
4792
12556
1265
15423
15753
4507
14421
1174
14148
15258
3092
6353
8841
7333
2737
10238
15561
7813
5177
7744
2819
11121
10600
16300
1122
9051
14032
3908
11887
14604
10314
9938
10802
4430
8693
14062
9829
5904
11811
9005
5750
6053
2331
8138
4026
2694
9515
6464
13681
15434
2088
4840
6250
4774
11706
15019
3300
3517
913
730
11231
13608
11520
6991
7026
13236
10361
10521
13367
14344
1970
2518
2278
8865
3716
12080
15566
3662
3422
7792
1615
12875
3899
13209
5404
207
2567
16115
833
4984
7323
655
4335
5478
7203
13723
6489
4732
1092
4719
7353
5580
3849
8866
14247
5997
7355
1228
3406
7173
5499
2373
9451
13187
4805
7488
2332
4258
1434
2396
14527
2642
5756
7989
3429
12255
763
14818
12218
13264
6352
15620
14845
11266
1417
9488
12393
17
3218
6758
13405
11043
292
3139
1560
12654
7860
12781
15736
1418
1472
4881
16009
6657
1259
2888
11338
6752
1252
11852
13600
1706
5207
9801
13359
2196
7443
10740
11497
5136
14123
12033
11031
1201
5387
63
4420
13065
7511
10169
9194
7972
750
2639
5692
6038
8225
1175
7451
7967
2415
11777
11836
15189
3673
11947
2774
14832
1865
4302
109
2998
2913
177
11378
14969
393
6545
14030
7453
8615
10993
6992
13840
2928
7839
9190
11628
10298
9440
13010
4228
12951
6218
8079
611
8670
10731
1080
12862
240
7498
15101
5719
1799
6202
3948
2662
13981
6883
4297
12588
12150
1870
5764
11493
13979
12019
5820
9278
12981
15508
1505
11470
15282
2494
15662
7980
15572
2834
10508
9845
7697
11430
15396
5460
15029
5170
7838
9048
14431
15860
7516
4980
8292
15420
9772
2840
1192
3151
8353
6842
3771
865
15442
4698
9027
227
5346
15577
14753
9935
3867
5095
11461
11317
8468
13598
156
12352
3798
6470
1734
7400
3128
1651
7719
8112
12636
2631
805
11697
12866
9571
4680
2702
7758
12900
15399
12050
12263
14667
12734
9074
15220
13215
11133
2187
3453
15725
8384
16364
1539
7165
13943
4963
4870
2457
6024
9771
5473
14901
5281
8705
8533
15526
6607
9099
9974
1391
12747
11058
11082
11951
8026
2109
7215
6314
14454
16077
7006
7096
15212
2944
4861
4936
10971
5923
8175
13935
15375
3142
12815
4370
7987
15791
15901
5688
2386
5448
7221
5463
3819
15571
12275
3660
9848
8992
2256
13750
3901
682
6403
7542
14126
16015
3337
13878
7865
3848
12786
15614
9835
3953
872
5777
7475
2485
7402
5894
10588
11248
2411
12905
2467
1040
10905
7235
3105
14584
12236
13107
11664
8197
14185
15321
10459
7877
6462
13890
8260
10960
3923
1881
2899
14503
4530
2704
12720
14907
6295
7607
15384
5949
13690
14866
15646
5399
14133
11643
341
4324
9327
14603
15962
9988
4517
1218
5555
1604
4121
6367
14043
5196
4867
2159
96
16152
4748
9314
11474
11652
9151
5321
4893
8239
97
4585
3079
7579
2450
11709
16066
4631
13202
1598
5717
6547
806
13807
15011
2875
8190
7209
3306
2042
3458
14524
10580
2121
4477
8293
871
6742
8076
4351
13839
12787
9987
7141
11613
10255
9023
3437
12755
10775
2852
14914
4629
16154
5508
1820
8956
4378
5453
9655
10188
10237
12739
16168
13057
796
6931
6329
11111
7354
12623
13593
8963
11245
15787
11993
14369
13756
14472
297
2682
129
10157
8707
10524
13130
8744
38
16230
6672
4291
8512
13605
11038
8986
15394
14546
8868
7106
6533
7184
1001
8436
5021
12615
15388
16131
16169
7917
8358
3479
10476
10957
15964
9391
8757
9020
7741
13786
5828
12116
6754
5919
3614
15877
439
1253
4509
3016
10661
8366
5856
12644
1061
3186
2334
8342
1956
6059
4288
4802
3695
7764
236
15510
9653
14113
16302
14572
2502
15065
15657
7267
4308
10147
536
5166
11129
5911
986
10386
10356
10007
6913
9786
15160
12007
5484
9999
13012
3655
3103
9549
8776
15905
15651
2529
4932
7318
650
9854
13599
10010
8220
7072
8129
6293
8696
14236
6243
9552
6955
12590
6015
14840
10893
9747
13632
1905
4091
11949
12006
14847
16028
11977
15111
13293
11639
5342
9961
3827
11892
15721
10811
9690
5217
13302
10120
14636
6016
11552
1272
15788
10044
293
15852
13956
13414
384
9480
8423
4624
7146
14685
12885
699
12571
12950
6327
751
12502
9221
3626
10056
2202
15562
8336
10187
11385
11183
2543
214
2444
5273
3212
1359
14059
3954
12555
4198
16247
5844
10242
11579
4166
12140
1673
10735
222
9387
7570
7514
6048
3063
3047
7370
14166
7519
1719
2040
6963
5595
12613
13321
2520
6714
719
13529
7427
3957
155
10479
12489
11934
3764
3227
11269
1692
11991
3329
11410
6147
6525
13292
8878
7820
5319
8377
9390
16376
4039
5157
9101
12399
14250
4003
4447
152
14656
5432
8413
7887
4946
8827
8518
10575
864
6065
9178
4330
7635
12911
11145
12404
15034
11701
6284
11173
11976
3162
6500
4360
10344
12689
13340
4190
16318
14833
10631
4841
14523
11798
13147
827
9414
4368
944
4725
11870
8525
7246
12997
9514
12931
16186
8716
13300
5513
8681
12594
6775
14071
2861
14467
14704
15242
4057
8853
8080
6391
62
8269
29
15308
9353
6208
15980
2262
12463
12672
4727
9062
11796
11250
12873
5808
6103
5104
451
15722
11846
11324
3985
14874
7413
14825
4708
11159
4209
4951
15250
3269
15930
12179
4986
761
5955
7930
2523
11733
10449
9293
15231
14294
8180
7288
6188
9798
13415
11570
11970
10038
14793
3912
11855
1167
12295
12876
3411
13167
359
10461
13381
9061
10886
3056
10755
1660
12423
4255
7479
2393
9795
5311
5115
6959
5477
7566
1802
6400
693
10443
11287
8039
6361
8110
854
7064
4777
13464
2547
8761
3017
6270
15421
13984
11631
3024
5862
13589
1616
8590
6432
5627
879
5058
487
9329
15992
2652
7326
14812
4848
4565
175
5424
7833
11198
8141
13276
15112
8361
3177
15438
15563
8665
13066
8038
5724
48
4979
5972
16336
15740
4573
5807
2418
1524
12249
7145
11800
10695
1069
6135
1990
9260
4180
4494
8784
8127
8320
5776
7808
5745
3474
14947
15873
1390
10969
7737
12016
2776
3149
5421
12817
1534
2409
5953
12941
12467
5952
8582
14110
6124
1783
13360
6580
5160
4816
15080
2981
5568
1260
8130
16123
1755
1561
4078
164
3463
16227
6036
15849
3780
9286
3939
5098
11714
8704
15558
14713
6160
1220
12239
15238
9806
14660
4704
4398
15489
1057
3457
15317
12405
1137
13912
11920
14440
9528
13937
15042
7727
3815
15188
13375
1106
4385
9763
11105
12759
16065
5626
14168
13452
9530
5681
3042
6730
7906
8445
478
10843
11367
9124
8304
11467
670
4262
2690
12527
10222
3965
13011
1005
10125
2046
13753
11337
14755
108
1393
15470
8128
8063
8899
11795
8210
4956
10834
1008
13294
15583
6180
12266
15206
68
5619
16275
13760
10555
13828
4346
3200
3281
2382
2063
4018
12991
10214
10088
8912
4576
15088
469
12183
1370
8594
1668
13527
9301
4097
2380
1921
13335
1597
2354
15627
3541
10360
14328
15030
5870
8379
5588
14971
14723
1516
4193
6349
10949
895
10160
16199
9551
9267
15068
7888
362
2002
12772
16005
5831
14507
6541
1571
12855
1257
6184
14949
905
11090
3969
15639
15184
5826
14559
11756
13227
12002
7510
5505
3880
15178
5903
6531
7745
7218
1271
11434
7050
16347
7167
79
8907
13402
8643
4707
12691
6418
8766
11351
1519
16264
11863
9226
3821
6891
7910
12717
6623
2633
13131
2268
11037
8604
10672
1895
4905
13219
6389
11045
500
4212
395
10061
2320
173
12397
15450
13709
16088
8479
7806
11827
4753
6197
225
11424
7706
5341
12599
2292
3361
11903
4885
3855
3313
5394
16296
15288
10495
13614
11325
1830
1775
10574
822
16053
328
5390
15619
13332
563
8497
6371
3854
8347
4756
9275
7903
9415
8259
4448
13239
9852
7476
15315
9631
6342
14592
12388
3067
12766
14002
3010
14676
235
3372
11010
13757
14069
1691
9088
10981
898
2239
10628
15589
13980
7795
10262
6070
830
11538
14646
14338
11251
2938
12325
6767
10115
15709
12557
771
7938
2616
3681
2498
10704
9270
14545
11007
13097
11477
374
11112
4762
15245
10178
14271
498
3266
13679
15287
11986
1672
8459
13917
13076
6809
14813
9332
12563
15977
2434
7334
15895
6845
3968
10183
7901
6846
9682
9731
9857
2486
6750
4439
10546
6777
215
15988
8170
2654
15056
846
3308
14788
10432
16129
11989
7421
4757
1146
13966
6155
5086
6167
2787
13803
15038
15754
10581
13043
1267
4759
7640
4933
6549
581
5963
16297
6190
13905
3333
851
1222
5017
11754
8802
4858
5832
4164
8688
509
7179
6189
10293
14669
4349
16127
10745
15092
14703
3509
8638
5053
5244
8508
1988
2849
1824
14167
11624
15289
1743
795
9936
9608
1426
7805
15240
9013
10454
3371
3890
8041
3335
12904
2593
8139
1779
2681
12052
4410
14287
8115
6196
3172
11655
8068
1286
1910
11185
216
11792
7161
8374
6019
6398
9874
9980
14769
14637
14749
11761
4551
12655
1188
7061
6138
6000
3964
3618
9140
8045
2186
8733
7978
5101
13466
10093
2095
8577
8028
5613
1054
5731
7684
13153
1818
13132
14413
1504
15152
11142
9019
5254
10516
2086
13058
1674
12974
2841
6990
5010
7174
4214
6469
6818
11194
3097
16132
1353
5842
12091
973
1789
13054
5686
15173
422
7754
3089
11727
12901
11154
3045
8685
13048
7786
558
6449
12660
6581
2208
1354
6808
3001
1726
7761
13763
1999
1986
5426
1891
9677
11336
9850
4296
1962
1721
14951
16288
12651
8655
16162
13670
4315
8005
6206
1576
15110
13100
15519
9573
7544
7689
7407
6215
8307
7580
13820
8879
1401
5222
9395
2163
8206
5216
14016
6810
4684
10962
13872
14355
11858
4923
4268
12190
7190
6490
4319
15119
1163
1602
12434
674
4465
2772
5639
15622
2739
9842
2577
6727
4261
12643
5148
8193
3235
960
1402
391
8894
10492
988
10891
938
10281
2345
12535
15989
12638
5410
1937
2967
10354
5231
1526
1846
6932
10717
15254
4134
14441
14063
9923
11061
8042
6504
10701
11799
11861
10108
7008
11021
8082
3946
5355
2284
9537
2536
8626
7445
1836
15453
2147
1819
4332
10785
12102
3435
8011
10205
3570
13751
10873
13536
3698
5872
2084
7564
11399
1376
13816
9484
8019
255
15575
989
2802
13635
11244
7955
3553
10463
8639
11874
8569
1183
9760
878
16272
3081
10634
2359
13333
16174
10429
1859
12568
1212
13668
7494
2611
9417
5335
10020
6052
6807
11847
3988
12545
11022
5605
7060
11828
10210
3806
9071
16072
16126
15012
8258
14184
8408
4821
3169
3928
3445
5509
1408
5991
9317
3183
13730
471
9775
4290
15146
15344
12670
2019
7936
2643
4814
8850
15482
13796
5891
7128
12000
14605
4985
5127
1352
875
866
13183
7815
66
298
629
1173
4668
12401
1766
12692
5763
10790
11342
14391
12890
8997
11843
11273
1510
14760
3588
10526
224
135
10274
7993
7278
10857
10627
10473
99
10446
14198
15884
1226
7321
14320
13901
2324
906
1794
14934
1644
7419
4544
7493
3255
3792
12182
9809
10315
10983
13336
1229
3572
12056
15906
13766
965
14593
12827
11258
12924
541
6553
12495
12008
9064
1637
5718
8513
1745
5536
12826
9494
1312
14707
11153
14266
12601
1213
8880
4877
8392
9501
2767
2756
1285
9838
8867
15743
14786
1288
5449
13771
1761
15549
14859
12207
11937
15784
15724
1769
12878
11359
15464
6822
5641
10067
9206
9926
11930
859
16273
13055
11896
9803
6660
4685
6868
4176
14763
4267
5270
16208
1198
12428
5665
6766
9691
6083
2384
5380
15666
5761
14796
11186
13656
5967
14462
2836
9362
663
12621
15097
15130
11979
6899
2154
10427
744
14977
14619
4143
9402
14420
8608
6299
12681
1764
9516
15502
7293
15437
7047
13826
353
6579
11881
6686
3007
14748
6824
2470
10761
15603
11759
7308
13070
5179
9053
15452
8106
12471
10409
16107
4983
10595
15984
1375
9954
16018
5075
752
8777
6564
3095
8644
917
5452
3859
2340
2034
10284
15024
5282
7356
3936
3565
10402
11066
7963
10389
13228
13031
13285
11732
8915
13257
8178
14506
15324
15422
3021
2842
4626
7619
325
12721
4532
4560
14895
7265
8728
13440
2510
4664
10248
42
10987
2372
11054
2139
13908
4354
2990
13959
10336
2492
7928
2285
2830
8242
5051
2724
15468
16313
1825
8455
14564
3204
10766
15219
10828
2503
13491
9952
10548
14147
2371
15248
12798
1601
14402
15208
8364
2062
13165
12045
2240
6574
7605
8717
13819
2401
12607
13484
9029
6308
3143
3448
13038
5293
7677
6694
12270
7153
4471
9967
16292
13876
2854
7537
11436
6741
14768
15405
16321
1436
87
5680
5199
702
7163
2280
34
13479
6572
1541
15680
41
6980
7331
5476
12323
1215
5840
907
8443
14360
9918
15078
14739
1314
8285
16203
9412
10967
11175
11845
16090
16255
14121
6277
5431
10401
15991
4035
7347
6376
9334
14662
2085
9024
3503
2333
9354
12939
4313
8916
14599
9670
7560
301
3161
15257
5898
94
10254
4227
6993
7192
1815
13934
8228
10531
3468
13633
12949
972
6337
12738
1208
1424
4516
7681
7143
11314
12344
603
11144
7337
1346
1874
4978
3744
161
7891
6652
10092
8056
15166
11658
543
5439
4245
14048
14203
7561
14206
13741
10675
6439
2072
5574
2635
13244
8096
15431
9669
252
3857
643
9996
4468
5132
15107
16316
5228
15998
5663
13778
10411
2068
15705
12877
1716
10839
14221
10173
9363
9752
2349
4364
15814
5811
6524
5835
8235
10308
12298
2889
12745
2342
8896
5931
12088
1431
15015
12377
4327
7289
4925
4920
5694
2613
6116
2453
927
6309
1482
16087
8308
12577
7926
7309
1319
6781
11318
15333
2144
10195
3574
6149
12972
13949
4604
5530
4139
14841
3460
5436
364
16356
1914
6911
7011
3557
7770
399
12789
6958
6559
8208
3577
8976
9377
15952
1778
3567
7705
2857
3749
12265
12858
9709
651
1876
3526
12222
7464
6732
11848
14283
5097
5938
10844
7440
6385
5092
10970
10252
9726
10664
12294
8492
2585
11647
6873
5246
12965
3686
11627
7243
3678
4367
2426
7069
9128
2921
5406
6627
1746
9149
14799
15987
4557
9375
2200
8163
14439
583
6717
605
8378
324
12849
14767
7626
3355
9393
11956
12578
13781
6769
320
15865
4162
10366
15824
3654
6507
10070
15525
12313
8153
10261
11591
6994
10749
9839
2562
3083
6669
14601
5516
5191
6583
2319
23
4488
10912
277
8988
12274
5716
767
7341
6803
3076
6820
12664
15010
12132
2630
8807
3226
2549
8416
1797
1419
1099
5855
329
11202
13929
3831
3214
1952
4461
11904
15486
11298
4763
742
3697
5357
8773
11483
12794
2474
3439
14103
8387
13622
2061
5400
75
2279
1403
8659
9154
781
4030
12645
10082
620
12396
8538
3992
5981
8763
6945
2922
7328
15698
4054
3711
5200
143
12366
9622
13277
11164
9054
10295
3634
11563
7
5780
7454
10693
7638
11517
14890
9790
12986
6281
13884
14849
2439
13495
1207
8748
9978
9085
15298
7802
10936
13996
5907
1203
9736
11553
13009
10266
3724
7399
8977
3917
14057
3584
9920
9785
7187
7908
13123
406
4628
3990
8267
2789
5481
9811
14252
14710
10860
11311
446
11268
4478
6099
7775
5002
4071
16122
157
2336
13602
13135
15055
7088
12163
5408
311
4605
1395
7042
10716
3916
2451
9397
6517
13993
10369
9603
1709
13931
13575
3591
14
14838
4630
5379
12918
4654
13245
8955
12547
12839
1631
3386
13643
6915
12526
12582
12925
9188
3699
11335
2769
4454
12767
15022
11210
13004
12121
10206
14430
226
6615
3497
11356
7033
12703
16004
15598
16003
3264
14423
7734
12090
2363
10113
5284
11288
12741
6772
638
7262
12037
6773
4929
6300
9406
2309
3399
1704
4138
3682
7909
1915
2516
11912
10460
10583
334
8418
10772
9896
5235
12657
12902
9087
4618
11992
9934
2686
77
7095
2377
12141
14986
1409
12168
5307
3963
15126
13955
8438
1861
10506
4065
956
11725
6100
7558
723
8937
10350
6637
13349
5479
3393
3413
476
6411
37
6073
10659
6888
5637
13509
9311
3527
16216
530
12698
11437
3299
5224
11374
13391
14412
14717
4127
5296
16000
13689
1858
13279
2300
1538
2918
4402
9789
13064
1552
3144
10292
2708
7799
12978
3282
8362
2179
13999
9033
303
15829
16331
13224
7448
3802
443
5918
4047
7814
14575
4889
1441
15134
10875
12319
526
12579
16242
3930
5630
9143
16366
1275
2910
2126
14649
283
8442
3364
12130
909
10090
3070
5106
14314
2310
8539
13794
6950
8113
7255
6625
13314
15965
8164
13773
14274
6884
5528
15036
933
11171
5026
10898
11083
5990
2416
9519
961
4993
10765
5943
10862
2976
8579
15291
12093
15462
12184
15365
326
4339
8616
9547
12805
269
1465
11241
13486
13439
16050
13976
7104
12363
382
10414
9712
6794
3664
8351
1605
2752
15836
16198
4027
5510
15358
3483
5266
14036
5020
15460
8808
15409
3726
2751
5961
6086
16192
1967
3973
2029
11347
10990
1565
15997
6903
8674
12134
1232
13225
1641
8888
7648
4665
3247
9351
11230
11715
3477
8315
6668
4921
13795
4574
1867
15969
14329
6755
2619
6986
2060
2189
3258
14232
13673
10705
1280
10984
6847
9985
4796
8060
9214
7957
11479
11809
13334
7650
3766
10355
11915
522
10193
2698
4595
9047
3472
10539
5181
9287
5857
7933
7721
14456
1236
10592
13196
12053
8578
1432
1532
11465
1588
15229
2542
12250
15456
14479
14490
2620
15597
3835
12447
8797
2851
15222
10926
5141
3772
16290
13642
8837
15403
8264
15925
2532
2307
4310
9216
11334
5711
9266
15408
15552
3529
2965
12332
10711
9590
16221
338
6106
14808
15480
9016
474
1941
1573
10877
13817
1694
6518
11939
15297
8572
14519
3279
13457
14911
11041
11162
15993
14485
14208
15137
1953
3396
9336
483
16188
5687
3427
5498
6934
13409
11735
2030
2017
9910
11660
14924
11481
9572
12273
850
1357
11550
4832
5213
13339
2103
9598
13688
3096
15362
11572
7273
8123
2942
7272
3115
3276
5468
10883
5100
701
10483
16006
12684
14210
1111
8334
5046
13507
3622
4285
12215
13583
7078
5124
5377
6707
14641
7576
13045
12415
10151
8903
14445
10511
7332
3031
2211
10624
14814
6892
11301
3206
16269
14993
8891
14291
1574
16352
2912
15889
16074
14638
11074
3638
2028
15866
6285
12113
2545
15541
11584
10001
13667
15517
7497
6181
11548
16149
11254
984
8058
15958
14353
6833
2781
5667
15781
4279
12750
5950
3267
16120
13289
6746
14504
16062
1009
8426
4289
2540
14335
2548
12837
188
8399
4412
13238
11797
12267
7051
2926
14557
11626
12519
9982
14776
6079
12564
5219
11586
9111
7417
15467
3689
10325
14321
810
3944
9533
6948
15553
13117
6566
2586
16310
15649
13447
5565
9059
7219
16334
10094
3668
853
13739
4163
9352
15501
14325
7823
5045
16012
14522
10359
11466
5618
10030
3500
1855
1862
4152
14492
184
12831
10804
15897
4390
13395
12453
6171
7735
9470
14587
14508
14935
11502
5489
12385
7101
11821
16189
10855
735
13071
13128
9891
15802
15402
4520
14414
8174
3994
3185
8530
4045
8431
16330
358
13330
14932
14021
14618
12422
10161
7274
11620
9004
2261
11207
11985
8491
14992
15177
5946
12908
5117
11571
4938
15976
8338
861
12540
13319
11425
7139
2896
13634
8085
8631
8053
7939
12473
12498
14652
13687
9569
15872
14996
10934
12338
11669
16287
10201
11346
11451
104
12461
5599
9244
4761
11760
1793
16377
4422
10646
823
12854
8632
2362
10127
672
8974
5402
5069
11605
7763
13882
8216
1768
7794
4523
4872
12597
1032
2610
8007
12351
14852
11447
14589
9040
7920
1123
2763
8499
4512
6859
2328
15678
8549
6770
2026
2641
5354
7953
6534
646
4737
5804
4191
4008
4752
14429
13164
13682
11033
3236
16176
13896
8860
9145
4331
13768
8783
2056
12682
6538
13591
14371
7365
12208
6223
10853
11938
10271
10825
8233
15914
5044
13146
15823
10299
12665
9945
3080
2595
2370
7541
1372
7771
9766
7788
10652
8380
9454
13604
15217
8675
11673
12057
8046
13434
8546
3909
441
14856
13885
11062
14282
13847
14566
9247
3370
4772
14871
13019
11377
12549
6966
2228
3845
8614
8316
14898
5298
7311
12596
15227
15355
6499
10170
4374
3102
9357
739
11200
511
347
7148
2968
10818
7669
12865
6740
13046
16344
14486
13860
14536
149
13951
9224
14397
13545
6716
4947
13408
4550
11616
1450
4497
14354
15915
5702
7305
11946
5300
2996
2556
13096
8708
5137
2275
12406
9467
8858
1960
13298
8484
1425
13530
891
13759
8732
13393
11208
4419
247
11558
16258
13952
808
2465
13805
2182
15579
11401
15342
12034
958
13892
14408
5007
6494
11702
15757
2705
7508
11530
9986
13106
6002
3071
2793
10509
2110
7500
15003
2750
1255
7159
6118
138
5232
10976
6383
1010
9957
5594
2097
12879
6179
9263
15642
12661
15586
12695
9001
7481
11
12308
3560
4381
6726
12048
4897
15199
2948
14987
3898
10455
2519
14991
6939
14691
11152
12851
9634
10437
9638
9869
13557
5361
9927
12647
7919
9599
6555
4789
1416
10154
13639
9875
11053
9767
7296
3251
15391
12612
4596
12833
7797
15826
12896
11708
7535
3492
12970
14908
14038
14963
11999
7762
8812
13042
6375
2405
9350
8863
8673
2348
8073
9419
3651
14128
14966
5063
13171
4964
8996
9184
6089
566
14318
11211
902
2464
614
3927
1724
10346
792
6259
5562
15390
10362
10968
3558
8214
10579
1136
5279
13456
2735
8962
6634
13915
11187
12679
8739
5966
5055
6787
14602
8469
7201
14854
5018
11617
14143
3512
12296
1363
14648
12148
10562
4160
5676
4175
788
3770
3150
3154
11398
12825
10393
6858
2495
4601
5158
4563
1689
9993
10358
11810
444
14830
10197
8444
10131
1707
12629
7429
12509
7156
8255
1632
14892
9906
13997
12271
5050
12187
7093
4498
11533
4064
8124
15213
1591
6828
10884
2423
2079
259
10602
4791
3026
7898
204
1609
7882
11026
6112
4480
14975
6214
762
7152
13248
7120
10153
2
9997
14300
3163
13398
13572
4694
7211
11840
9303
6110
2155
4545
10826
3576
6294
15665
766
13374
4717
12850
15412
6944
3153
9511
13719
6815
636
5527
9774
12791
12178
5775
14684
2305
11094
8951
12010
640
7639
1754
5532
9830
8244
10792
3304
5683
8960
4989
3508
14514
5251
10087
9091
6613
8295
14316
7505
3596
165
9908
3556
12069
856
12258
13178
13306
6239
9972
14224
11982
2883
12348
7191
4085
4431
1079
9289
2906
5669
7964
12213
11004
7900
3722
10054
9163
13372
4263
4562
10166
2180
12105
16048
3795
1543
14322
6244
1178
1176
1676
3950
3125
4348
3164
11163
11742
4999
8507
10876
5320
13680
1984
1679
7503
11160
13120
13160
11804
1620
12492
11817
5135
7916
2080
4032
2440
12320
924
10363
8035
799
15313
9272
9156
6274
10836
12743
1028
10696
5723
484
2858
821
13029
15121
8628
489
3407
6176
2602
12029
923
2511
2455
9579
2628
1669
3467
1322
12160
12307
10026
12246
16113
11700
6589
8306
11331
8826
15809
3319
2600
780
11813
4906
777
11036
15592
14233
1942
7426
11473
14500
2078
8948
12181
7251
1254
15623
289
1240
5818
9438
2067
4053
15046
10081
3030
14816
6756
3061
8625
6484
707
11998
8363
10690
15706
5234
11619
4656
6802
15090
4001
10278
8261
14161
5192
11292
5066
10903
1133
14927
11393
4686
12259
14766
9721
2987
10189
12433
2433
10404
7694
4034
15825
13357
5416
4524
6340
10640
7185
9544
11789
16025
4095
14606
332
10973
13868
10376
9465
12899
6941
609
8400
453
9183
9483
2124
14374
12204
1628
6363
10687
4257
7403
8856
4094
15638
15966
2335
13535
403
9475
3507
2696
3602
4939
2462
2992
5563
15327
6988
4811
11672
3368
8524
1107
15439
2972
15133
11097
5539
59
2680
5323
15270
12335
2352
5362
4153
11016
12676
14902
11403
3581
8055
14288
3993
12318
5054
3041
5470
7515
2108
12730
3675
1523
6331
6437
8969
9660
8352
342
275
2322
812
9300
16037
5407
7452
1595
8788
7482
3470
7164
13544
1781
14304
14736
4295
3844
11776
8648
12744
3692
11675
4293
4794
13222
7116
6120
13755
1845
8048
12706
7688
6949
3970
11013
6616
15847
10940
9150
4713
8555
8872
952
13134
6145
14142
9810
10759
10381
4700
15859
14655
10484
12688
10908
15436
15816
2943
14771
3191
33
12101
6620
11987
5569
11510
7507
5338
3872
12197
5721
4073
14149
16101
3742
6636
8331
1134
381
3846
15164
9570
15192
6003
15861
6546
696
6091
15076
9764
13383
2588
6082
11405
3708
13262
15812
5535
10890
10767
4234
4895
14315
13198
390
15617
9485
3941
8031
9348
14537
12129
7616
3015
10517
14013
13112
6282
7730
3631
6081
5420
11226
6095
10899
12820
9560
14050
1325
3700
8021
9759
3775
9863
9943
10451
111
9639
15169
15013
867
2504
5948
13353
8710
15937
736
12956
16104
3561
5790
14899
6222
101
12631
15733
10817
5289
8121
2555
2306
7550
12451
7961
4554
16046
11249
4928
1351
11119
127
12327
14653
627
13206
14919
4549
4915
14488
3446
5427
2608
57
12803
1306
6396
3208
5185
3524
6608
7772
10086
15924
4474
11568
9497
11300
8324
10029
14884
10046
3348
11182
106
713
7065
13616
6925
9288
6806
3652
14427
1911
2499
12559
15411
14218
2575
11140
2584
2427
3905
2120
5558
10219
9959
6832
14334
6009
3431
3023
6666
12529
14857
5173
13040
14390
10935
4382
15918
11963
7545
10758
7543
11781
287
238
10055
981
3978
5201
12685
4087
9901
430
4172
5768
12075
9120
4828
4174
9422
5163
10390
2612
1497
5995
11096
4109
15835
6348
11779
14493
2054
2885
9820
15536
9471
1048
3729
7200
7285
910
7686
7683
16360
10144
10405
1444
6721
7831
8277
13458
12996
12930
11478
1011
1310
14001
14158
2788
13694
7855
14597
6303
11110
5773
941
12628
2522
7216
5660
9761
2400
14068
278
11070
9437
159
6674
15276
3834
6478
14116
12118
8824
299
540
3543
7512
1474
10489
11674
7915
12153
12337
14396
8329
1341
1172
4969
11869
13200
7918
11524
14008
8211
2001
5933
1342
8184
7057
10995
12060
2726
9152
2989
845
11695
12626
13520
8568
931
2634
5309
7645
16207
13080
1477
12537
13806
7422
16181
14242
8563
10614
5888
3194
14494
6306
2221
4496
2932
14570
6286
15338
14347
13717
3807
8081
14204
10813
493
1893
2007
8054
6148
11252
1084
15776
10999
15087
11456
7854
16341
6234
7480
5867
12581
1982
7530
15975
8340
6813
11784
15551
3889
13867
2479
5621
13737
1131
12543
12912
11893
3036
680
10794
1857
14012
3875
8052
14918
11237
16138
4220
14682
11522
11830
14900
2538
2725
10771
7462
10938
14792
16067
13707
11968
14469
2604
14463
7538
1817
1848
1740
3796
2773
11929
9994
13939
12339
8683
3210
8114
2988
3012
9418
14834
5986
486
14664
10541
11651
8185
9092
5810
8936
4568
5465
11495
4948
7112
914
1455
454
1537
10064
12727
10742
12419
8713
244
13904
4971
673
8305
3750
6394
3608
8125
12297
15921
5011
5028
9078
550
13506
14053
12277
3919
4199
14622
857
6528
10932
8842
9623
4658
14000
9645
13235
11995
15994
8217
12161
14358
13090
7466
6569
4847
5586
11755
6968
5214
8345
2957
7581
10838
15548
1378
15059
3873
11895
976
5900
12704
5634
7714
6513
7315
14356
597
5272
14146
2843
12256
16338
15057
206
12046
5787
8149
13963
9368
9251
13446
13612
14983
5656
11516
4072
3224
10919
456
16326
16017
7197
11990
15789
10622
12757
14072
15591
11246
15890
3713
15509
9783
11343
5932
336
4882
14989
4775
1447
6743
2553
14217
10220
685
13384
564
3505
507
6482
16362
2827
10671
14577
2626
3767
10273
12047
4196
250
10939
460
10075
14882
4575
14699
7984
5389
15463
9568
7981
13659
16008
9493
465
5153
5149
10425
11169
14729
2267
12737
8821
15773
6718
14305
8441
2636
4864
987
624
14620
1810
11728
10223
9613
10776
5318
9203
5964
14730
1949
10556
10141
7929
8869
1931
4994
12731
2782
5482
6360
11406
641
9534
5330
2414
8357
5772
43
5905
11081
9605
7712
6230
6453
6096
12567
302
16041
8326
10798
6786
12807
15531
6072
10897
6604
3847
3215
14574
2521
6998
2428
16184
11409
3072
15246
814
5974
5381
3782
14306
7111
16271
912
2205
6051
14888
9615
10004
6693
6702
8636
4619
11379
7486
9890
7642
570
1083
3231
5249
12893
1165
9710
14144
7344
1729
9561
4067
8450
3136
13075
4020
14115
1078
6254
8782
8959
15367
5165
8177
11172
12869
15233
13571
11665
1762
5203
13444
9259
2606
13089
8144
12191
7000
5150
9429
12923
13362
1269
13438
12497
4981
11738
8586
10820
2153
1448
194
1972
3706
2227
7077
9079
6630
2979
1812
16248
2158
5186
11972
12710
6556
15381
12699
9279
7043
13663
5951
7593
5209
4479
10217
13108
3339
14044
9137
4546
2590
7728
5519
721
8735
7358
8485
6153
3837
2886
4855
8695
8702
16075
11642
10133
8179
15039
8938
14027
1422
3727
1438
7366
1349
488
16205
9461
11657
13091
7847
1219
14937
12980
14157
14820
3252
3046
971
16014
6723
16267
2969
12484
9425
4205
12479
4101
1279
3201
15554
251
10418
2868
8428
15053
8263
8760
12538
9642
13832
13809
24
2255
1717
6923
13273
6201
9593
1774
16335
11515
8252
8223
9492
3787
10724
7940
5786
9837
6593
11557
7389
7276
6372
10474
8746
15165
6795
14858
8369
615
13744
408
9245
296
16175
7182
1258
14348
10954
1013
5037
13388
16080
1961
115
512
14337
5230
2106
12516
14668
6975
11170
9523
1387
16286
1420
7461
4977
1169
8967
1157
5376
12953
9883
5134
12380
4608
12478
6193
844
9991
9894
11690
3715
8658
6914
8200
3387
7409
14853
5004
11677
2753
3659
8972
368
1315
6191
712
16137
2438
14478
13542
2136
9218
7385
10719
13889
1214
2914
10925
745
14341
14836
16346
15996
375
4588
4147
2497
7604
13241
6691
12784
4642
549
6592
10824
8503
2685
6880
7548
5604
13511
9449
12544
9195
5610
12114
13864
9168
11566
4181
644
1989
14031
6045
12592
1737
15767
6237
6827
6768
11370
436
10172
978
14240
16160
12454
11724
5001
16263
14005
11743
3374
13345
968
3797
5294
12846
2734
9089
13355
12683
7584
1798
6088
2762
11952
9427
373
14342
12381
14098
687
2749
15912
9361
15301
13268
3885
4613
6204
1655
12650
16309
4184
8958
6801
1946
1763
3356
7861
3032
1979
6759
7810
15747
10806
7423
4966
12282
3002
9609
14581
7327
9596
8253
7103
1309
5742
10866
7562
3911
5550
1899
5899
6390
1404
15225
8667
2672
5227
1834
16042
4232
8104
276
3663
12864
3606
11824
6123
5392
9539
9093
14453
11492
7360
15243
16299
14571
16241
998
1647
3296
7325
16078
14842
3323
8519
10428
3536
2413
15955
6552
3174
4466
15902
12511
13580
5789
9743
5459
11850
6582
294
7935
5733
6026
10341
13473
10471
7432
7268
7034
6722
3137
2764
4455
8198
6445
4171
9373
7067
16094
1621
11235
12635
6926
12097
10544
881
14276
12662
13376
6126
619
7044
16213
5996
5572
213
11123
14061
12605
9781
12668
10276
4179
13836
4750
5314
13028
7723
3242
15715
15385
11326
15945
6687
314
7406
3241
5204
9950
13079
13327
1453
686
3441
4937
6797
10784
889
5743
11576
5685
1518
14670
13797
637
10864
5631
10499
10858
2954
8790
11180
2459
4266
11678
12494
457
9057
10036
5525
12061
10958
13822
1491
11364
10530
8898
5048
9650
7596
5725
6588
7115
15277
7108
15495
8715
4301
15911
16201
14336
15142
1753
10218
15451
13150
3687
6597
1294
12819
1055
4614
9925
7099
4490
10805
5841
10933
15061
1872
11408
11135
5792
9211
2008
2115
14138
1904
1708
5035
5119
6712
9217
10896
92
2741
202
6872
11632
5257
3090
7130
15194
1925
16147
8095
11882
11345
10008
3738
15862
12169
14790
14839
15193
8006
15685
3839
7702
14301
10744
15570
473
5871
15728
5193
11826
15118
5970
2846
7038
9090
15948
4120
9797
7430
7736
15909
6132
5947
6606
15469
10561
13830
8596
350
15094
1451
12558
13995
15867
5384
11578
6745
9223
10247
6645
2925
12421
10565
10148
12740
7905
3359
11766
3488
1102
7623
13652
9556
2353
14410
8612
11606
7649
13311
14976
7171
12084
162
16040
16130
12583
5700
3450
15273
6283
7720
7588
220
15044
10582
14777
12288
12507
737
3940
10121
16007
5657
772
8391
5114
2515
15844
14997
8815
13701
14324
9871
14365
7117
3747
6774
16030
3025
15049
11265
13429
13288
10835
16381
10102
16353
3816
9804
8301
14045
9280
1542
9328
13657
16049
2557
2274
15985
6346
4801
3409
8471
4031
4638
9172
3778
10279
15846
4760
13551
15845
7329
13992
7014
15349
15009
8480
14910
7724
13965
1270
1866
2719
1884
10773
3762
1666
11612
10625
894
15640
12708
6067
15020
13716
5730
15154
14222
13338
12264
2722
2558
11954
13533
15770
7294
12233
2447
5556
5154
1132
1015
2483
2895
5834
8775
6266
1545
12515
13928
2850
2366
5334
12324
4666
1384
12400
546
2461
2286
12331
12368
5409
6678
4953
10551
10979
14118
5205
1652
5939
12144
13494
1832
2316
6141
14502
10950
4944
15522
7225
13895
13443
10302
10317
6080
10392
2820
14007
16156
4988
14783
6487
467
3334
15348
9100
13537
14331
8627
15168
2397
3690
12843
3455
658
5077
9038
6061
16031
12039
11000
3246
8979
4107
14199
10343
4522
7932
13880
8729
4269
12779
3609
12216
15132
11339
4432
4564
7263
6351
6486
413
312
16204
9157
2871
2670
11885
6706
7127
2472
8182
10757
4375
2107
6122
15204
10547
1732
6343
10952
11565
16193
8238
946
9601
15153
69
5487
13162
11950
12137
4655
10850
14323
13406
4242
7183
1039
1731
8047
13852
316
3866
9586
12671
8592
886
3554
9658
7240
1507
1485
4868
6114
1811
4731
3932
903
9315
4352
852
2145
4967
1135
15141
11965
11822
1049
2172
1200
13137
11233
219
6675
7040
3082
10609
16228
3858
8618
221
16251
5240
12466
4538
14811
6133
9536
7110
4822
15328
16112
3514
13125
10469
15477
7700
9455
1356
2161
6379
5105
5726
13344
10202
7415
13789
1690
8449
7779
11794
8172
2881
13420
10487
404
2343
5435
12371
9821
10433
4125
932
14292
7753
10232
12871
5168
12031
10924
12982
16196
14824
7089
5976
15935
837
14033
8266
8921
3800
3504
2582
6357
11644
855
15595
12625
4695
5133
9304
15887
6246
11945
12928
8501
6077
7549
9291
10946
7880
15916
7725
11873
9139
13001
6448
7942
14106
2999
9796
2233
5690
11618
2732
12948
9861
8846
1087
531
13347
6084
12036
1119
11109
1951
8478
8723
13170
7324
9403
11206
4783
13216
12926
8456
14442
2111
12976
5890
12475
9919
14229
10186
2695
9056
9161
16038
3714
7665
14094
9347
14297
15831
15807
8840
8570
4863
7352
13752
4871
15366
12584
4972
5846
3375
53
8120
13182
11539
6653
15999
14797
15341
10258
14542
12005
6542
4033
2624
14721
10413
4025
3462
15032
12845
1
11940
4837
2831
16265
10326
9416
9563
922
3059
5403
5614
10190
8562
3615
9170
13927
4049
4333
6164
2482
2441
15800
12870
9595
11924
7629
8806
8668
15461
7450
6738
5922
7391
9345
4272
8769
8874
13646
6405
13114
4133
11484
4056
790
8629
11286
11257
11630
2709
3048
12952
7709
13666
4470
4746
3612
5880
13517
7641
15928
9912
12440
7601
8526
1238
7007
2157
5107
7266
1328
4598
7487
7784
1756
12598
6643
3485
13827
6930
15332
940
5886
11099
5304
14254
13774
14876
6710
8664
10410
12697
6034
11197
13735
14863
5337
3991
246
11573
13711
16304
502
5597
11496
7691
5945
9644
7277
3996
16118
4194
2673
15433
10074
14526
11851
6886
3248
13823
14090
281
4623
12570
5541
8247
386
2197
12632
4440
16365
13566
4681
7835
4659
6369
13662
1554
6632
7361
14861
5507
589
1558
11684
15730
14366
2330
14633
12254
5647
7244
1095
521
11052
11005
10879
9832
3777
12358
15352
12561
4506
16329
15652
12127
15347
249
12841
14064
7362
1922
13853
6046
3997
12041
11726
15941
1143
3044
10373
7884
7140
13800
9208
4643
718
2119
15007
5682
7081
8029
2014
13489
11396
1103
13389
12884
5059
6492
10032
9240
10911
11388
12921
10955
2277
16249
3949
3838
5349
1587
5901
5360
12238
3050
421
11962
14746
15699
783
10603
15211
5672
6252
10560
15234
2570
15387
1827
98
8448
5813
2114
5248
8044
7180
690
2496
7664
12630
14844
1823
11309
14081
1396
1247
7528
8135
1757
9962
3138
6271
85
10522
9794
6577
6735
10874
3440
16257
2765
12268
4910
12092
15703
2806
803
14673
4188
16276
16170
580
6386
1435
2199
12464
16340
6757
14967
2478
485
12068
5108
15359
5082
7971
14835
9984
510
10096
1863
1058
9862
6098
3628
15081
14169
13610
4411
16218
1919
10289
10921
11256
10321
6663
13418
2814
4377
9181
5190
11865
8724
3049
8817
12003
13590
11488
7477
8678
12424
14382
8349
5383
14531
6829
5260
14114
9257
11439
4743
15380
11285
13086
13121
5434
10114
12456
11469
13798
9870
4900
16043
5839
4491
13686
8510
5060
90
7894
55
11860
8462
16268
1389
4826
10297
8348
10533
14197
7233
5962
15527
9914
15670
13052
15511
9640
13397
160
9394
14077
8030
357
7039
6025
13944
13431
13218
4556
12383
3871
12387
6023
6377
6519
4418
10457
3789
2966
13576
5837
1186
12278
8131
4066
12152
15368
7565
15428
1153
14674
61
12942
10142
8564
8108
4238
11880
7259
11923
2733
1556
14280
1671
6778
14464
7625
5838
3309
1792
11354
6264
15278
3141
2855
2361
11260
6186
3363
10797
11412
15626
14961
5959
8787
8712
14860
12192
2263
2947
6650
12617
3826
8118
13022
13678
2801
12938
2252
8001
10204
15599
1456
9165
12518
13283
13942
9616
9236
15329
3531
11350
11014
10604
7295
628
13607
2164
3933
8299
9880
1031
2533
1486
11209
2810
8719
6885
15346
4755
13451
7555
4476
9933
15744
10318
11973
7676
6056
710
14455
4636
2951
5442
16045
14136
1826
13483
15745
8831
6626
8281
12913
2281
11681
3720
9065
5753
15138
14245
10290
12330
6644
7973
1540
2573
5611
3305
6981
15762
11086
5602
5909
15196
4788
16013
10080
352
15109
1278
6382
7134
9722
6305
12749
16044
11327
9867
12503
8143
3320
3538
14994
419
6406
9696
1975
14513
7682
16285
1140
1838
14955
8793
420
76
722
7346
2707
2212
11890
518
6603
13653
2941
15485
2569
12963
11371
4688
732
14307
8585
6336
16219
8828
13348
755
15465
2879
14102
4356
13401
6584
1038
12832
2862
12546
842
15568
11333
6007
5211
1256
5559
394
6431
16163
2214
10196
8395
5488
15182
8382
4189
10846
14791
10287
5440
773
2917
3788
12506
15331
3121
14343
366
7249
12455
818
6683
11823
6496
9243
148
15303
11115
5322
10831
15440
982
8703
3217
15478
174
4182
1635
3980
10563
13033
8630
12345
12378
2517
8188
6307
13958
15083
8700
5171
4456
6817
3765
212
2892
14726
14407
13903
4236
7969
1788
15504
13762
15607
1051
11588
12427
13229
10333
12367
8150
427
11297
13454
9529
4842
11366
8839
7671
2554
5877
5850
1677
6028
4526
12935
6127
7925
2456
3893
13863
2623
10585
908
14945
14150
10841
3704
7223
5405
15585
4817
4311
103
13161
7793
15953
6037
14990
15161
4887
12960
4580
5887
14346
8094
6587
8290
14568
4534
8871
7037
3202
1197
16298
16135
8173
11191
1231
8854
9271
12812
2237
14468
141
14785
757
7943
9983
11264
4736
4673
2759
14891
4451
11444
3220
6639
13522
8528
6511
8801
8877
14418
5715
10601
11490
11417
8669
5749
12955
14926
4873
8686
13223
5920
7756
15096
14576
14309
14117
1452
7517
14885
11358
14551
7501
4682
9517
11315
14237
1145
10644
7826
4723
11386
1392
8033
765
14944
15546
3434
13252
4510
8093
265
7573
1296
963
9386
211
14483
7597
14562
4140
5751
3732
12883
13316
7316
11482
12828
6374
3205
7468
8245
16141
4482
1266
11832
8191
3344
60
3896
8765
3534
5739
8810
7063
13255
15794
2235
10084
1698
588
839
10450
310
5636
9396
8090
14829
9762
14598
10063
9050
2477
2527
635
8350
2721
10815
10099
2845
11802
11423
11177
14626
12614
10478
4013
10021
4403
10570
10918
10377
15340
14738
6918
16252
11569
13565
9369
10303
15600
2243
13470
2898
10396
16058
313
7776
15356
15054
3646
3331
12292
5299
8451
15853
8157
14533
6640
5262
13448
15064
4103
645
13098
1853
3168
667
15256
2033
2171
12022
4747
7895
1623
6836
15827
9814
6929
14800
12773
705
2632
4044
10256
3763
9098
7080
14156
11242
15547
13422
2677
8767
9754
4002
5264
14295
575
7668
2476
8978
4325
12276
9591
6679
1072
15124
2923
4361
193
16240
3432
2402
4669
14364
13177
12317
15170
7169
11899
2799
5310
12966
13618
8619
10901
11749
939
9007
1747
4621
10682
16100
8294
10733
7196
15025
1557
13780
8099
1064
13309
10800
11818
11808
14489
8762
10519
10253
8845
1046
4110
9141
6341
12751
14988
14448
10225
9067
8511
12754
4823
14437
801
639
741
15576
14758
12709
8231
12443
15520
12859
11615
9070
3548
6550
3290
11294
2755
16060
13260
12391
15545
7131
12432
1149
16089
11685
11668
10268
15043
9765
11693
3078
9969
593
836
5350
15543
5466
2961
3265
1780
8032
30
2167
321
2204
11694
1957
9768
7388
2901
7132
5708
11582
4090
4359
10930
5159
5736
3717
12591
14024
2940
1098
5518
7785
4387
2220
2216
9693
15404
7646
9239
16345
9176
1645
10304
14770
14465
4445
11131
9265
13463
3449
11272
11128
6442
12173
501
2674
13767
14284
11464
15104
11680
355
9227
11527
7396
11435
1373
4080
6962
5714
1249
12649
15040
6480
2615
243
15058
13220
8593
16093
10663
5858
10606
1307
4341
8527
15951
9637
15615
1205
9889
7979
1383
4689
13207
8309
2964
15363
6646
237
7052
3099
4309
3357
1902
1065
7175
8332
14867
1142
3723
11042
6378
12333
10331
2664
12810
9928
980
5396
2100
11506
610
13742
6690
5084
1889
8321
4316
16020
10947
10345
3310
12539
12593
5796
13399
5601
11391
7787
10633
11729
8823
9714
1394
12209
13564
9929
8547
12055
6195
2809
16082
5937
10545
8022
7945
4632
12107
10180
7739
8993
11540
12094
14694
5226
12450
8040
11427
12796
9486
12223
6111
9589
11147
7606
9527
10436
2021
5500
13683
13627
9253
11542
9976
14757
3415
4256
10945
14188
13650
8282
6594
656
1059
13151
12565
8859
15223
13424
568
10045
2706
4918
9401
8889
8322
6673
10407
10015
12104
14261
9003
12895
8722
15066
9656
6841
1473
11150
16210
5450
9322
15407
2853
616
10060
2410
1345
11057
9186
11716
1912
10383
14681
8692
9753
15339
1522
67
7212
3367
4764
1776
14554
409
1339
12119
7137
8020
13320
4397
10728
1633
14293
9738
1610
3707
497
13594
804
2038
13866
5781
8952
15533
569
16165
13133
9711
15780
15653
15125
8884
9907
9006
6199
13430
9428
11636
13267
10245
9238
16076
3915
10420
13259
11373
10106
4338
6276
477
12501
4610
7529
8587
14207
1528
7379
5317
2065
6407
14561
6628
13888
5313
12589
13274
8482
8932
13947
1318
12234
8236
4945
15523
16244
10796
10951
317
3157
13364
14665
4449
1656
4518
2919
11705
3354
13
6473
5566
13617
10534
11011
8452
10871
1697
2356
434
13770
14326
10368
15244
1682
4586
9081
12108
4790
8460
14302
14880
2406
10536
8335
5033
11561
1022
6105
2826
9025
10554
16315
8930
15221
12979
10501
8194
11719
3438
5570
5788
254
14122
14112
9733
1221
142
11555
13163
7492
1290
12485
811
1971
6871
4901
5462
15803
4366
1484
7563
15763
6317
9290
887
2808
4122
9687
11983
8155
6605
9665
11442
10294
2778
920
13715
760
11587
6523
12272
9385
1204
15664
11018
3611
6995
11023
1439
3684
4784
9426
7447
445
13855
7023
12984
1483
12299
15885
4453
11124
4104
8074
4259
201
4213
5755
8516
15720
11199
9992
16108
12071
300
11291
15708
1330
11682
5816
12235
6075
6921
4415
4880
9306
8017
13743
8734
7286
131
13850
2222
13504
13705
10367
11909
990
2094
15518
13237
1784
784
6563
4896
8617
6912
6192
117
11184
548
280
4092
12051
16279
7965
9201
10515
12437
3057
7687
5701
10374
8985
4600
5176
13105
13189
13092
15427
4987
4818
8752
4195
15635
15292
15979
9374
6444
16095
13649
14092
5689
16372
13221
2052
3107
524
12291
14299
12079
13301
6322
8393
3688
15822
12490
3593
8270
1293
2443
8286
4891
11468
2710
9716
1469
10486
6515
3630
14806
10787
11602
6614
6130
6229
9531
2581
12147
7317
2798
3616
9434
9626
14939
11765
9207
15534
14516
4567
8919
3287
3278
9215
6358
4037
11653
5145
9826
10535
14173
1653
16148
10415
10650
5256
14482
13032
7718
6157
12115
8078
3471
6207
10016
3809
6898
9392
11546
13532
15498
7707
12089
14754
13059
3262
13325
248
10754
3945
376
4612
15778
13370
10400
4409
6568
15959
6705
15051
490
5401
12458
15393
14803
7863
1264
7474
12021
8246
4641
11271
11234
14980
14052
11737
7374
210
15357
10095
27
6642
14131
12214
15830
3345
826
6651
16180
10216
13194
16333
11161
16379
13578
14956
4000
6952
51
734
9564
16070
1492
10035
112
16096
13034
9049
13970
12155
8606
7591
7074
7608
3272
714
715
8641
1796
8902
12917
8328
9262
14411
5039
1164
13060
13923
1630
5655
12633
11055
11886
7513
11762
15674
8481
8343
527
7633
15108
9662
1563
13488
10430
2271
7261
13455
13553
2273
7168
13528
1442
9487
11717
13772
4798
9148
935
2257
5830
11156
8069
11547
6414
9941
3879
8243
186
1868
10618
2360
14565
665
16182
16052
9022
12729
8522
993
1457
15723
12146
1381
885
1023
13930
10458
4413
15378
11935
15397
9686
15970
1386
11457
15251
11529
14610
7364
14650
4493
5292
10810
724
4781
9066
11731
14223
12410
12604
7434
9193
11820
107
16245
6144
13962
1063
9222
6635
4857
12449
9339
15435
10888
12989
16382
15655
10914
6561
4886
10134
14625
4758
8372
4995
8672
15425
8
2383
10532
12892
3379
1821
6792
5698
6335
5762
1580
5441
10559
4913
8278
4903
9784
7303
3493
706
379
10909
14160
2381
14714
10203
13540
405
15400
15676
12840
6924
12081
13881
2295
5603
3757
253
2552
15946
1211
7749
4061
6409
13056
1187
7904
4168
13018
13696
9189
4849
11458
5143
14273
528
12505
9261
9808
12534
15035
7472
942
10978
14093
7070
9254
239
10647
14120
14883
3506
15772
8162
3155
13534
7680
11196
15704
16231
2629
4083
7489
5152
2796
8283
4703
9592
5547
12804
496
10311
1091
10529
1579
4687
15876
1977
5833
8560
9444
3741
10283
4827
7199
13379
8559
4742
16056
5985
10573
6233
15608
9949
13861
13343
3530
10129
13569
3469
11535
14585
16261
703
2231
14644
5912
1016
3563
3119
3888
11648
10103
16034
9319
11416
1927
6466
5151
8799
9037
10163
5147
9541
15714
11925
14517
11844
12715
5843
7817
1246
14998
6585
5112
15085
2594
10231
13291
11598
3578
4231
979
14141
5122
15811
15323
3783
15648
1365
15103
607
2253
13550
12346
7881
534
463
5495
1076
7079
2712
964
3068
12426
1886
1088
3542
15026
8119
8330
3199
14946
3291
11898
11526
5003
9420
8785
1559
2314
11640
6108
11224
925
9729
147
4875
3478
9302
11137
5644
1617
3642
15493
1733
12915
9782
10352
3253
5454
532
8642
4038
1035
11299
11080
3725
15143
10872
12771
4254
13581
10975
11508
7118
11750
7205
7330
8337
860
13113
12189
11221
15304
5022
6104
6066
8571
4652
5278
15201
7653
12123
8599
596
1462
9884
2684
8414
7155
4675
1362
6001
5817
9198
2747
170
5632
5590
8314
6539
8922
5629
1938
6920
12138
5623
14132
13203
9646
13787
14076
5606
1086
12283
3549
12375
5800
3559
5140
12362
9538
2716
7746
3852
3268
1060
5288
3190
10228
9495
14657
4436
1520
8901
6014
7094
12992
15401
8415
10091
10239
1244
15982
15302
3327
3131
8909
4709
15663
1828
6508
6729
4058
1940
12736
949
1954
180
10645
3064
10462
10726
3233
9504
11422
6062
9273
2993
10569
11489
3938
16051
11190
9185
13331
16183
3818
3863
3152
367
14728
6158
15307
14831
8957
9281
12533
14719
9383
1273
5236
1115
3293
7701
1014
3058
14679
13986
13342
3813
1816
11819
6576
3066
4527
11174
13726
31
15923
7224
11879
11166
9614
13496
8274
11204
4931
14878
2736
14520
1785
3405
15810
13369
6622
8640
5195
3904
2738
13407
7819
9624
9409
9297
9971
13310
1711
9045
794
13973
7025
9865
15237
10928
3962
3518
14109
2101
11687
15319
6021
6633
9498
13124
11917
7049
2321
15550
12290
11842
6751
7012
11768
1896
12360
8224
13126
7997
5616
4460
16351
9169
3743
1851
7446
10435
13437
8816
10406
8256
8490
999
10109
5429
14186
2022
8240
13844
7035
6744
6771
360
9675
4203
2487
7428
13352
6876
10917
4830
10494
12040
6119
12245
10019
3693
7760
2791
1944
7843
6054
9235
14100
3753
9819
6256
15500
15131
1514
3721
349
327
2458
7907
12117
7879
7844
3535
6598
3961
4379
15198
14409
7436
14870
2169
5301
9466
5710
8126
12847
15739
9489
1227
6200
15629
7713
6039
1112
13998
10994
14054
8207
11837
3897
266
9342
10904
2010
13281
9473
3883
3315
12673
5551
13654
5144
7418
12897
3179
15868
10174
6510
11595
11380
14634
9575
14174
5352
15361
14518
10513
8407
4779
7299
9800
8691
14846
13631
2165
6725
6611
2905
10504
676
4372
16033
625
6840
15961
10777
13567
6194
4007
10665
295
7227
40
12342
8789
12770
12476
468
4129
12764
6761
16069
13887
14267
1968
16284
14872
3123
4328
1138
13396
8192
1829
6166
385
13552
1918
5670
16185
5472
1196
4223
8237
16197
7874
1090
447
6935
4150
15446
10753
2201
13249
4968
11149
9617
5438
7264
15564
13193
13118
4639
840
8412
14319
4207
6682
3159
12822
5067
5458
8910
15920
2770
15158
9219
12457
14425
16001
6452
7583
6819
13014
11773
8420
1350
11748
10042
14765
13595
15850
535
12844
16254
4303
6956
2546
5537
16109
6655
10637
3617
9443
2027
10330
343
1070
4052
10849
9827
3213
7520
10734
10552
15864
2408
5042
4800
9689
14686
8483
4178
1089
14772
11897
11289
1883
4086
7654
13328
3520
4304
11117
10453
12203
2740
1237
1324
1000
12510
7853
7962
5878
16166
12077
14163
4321
2435
12536
9815
2977
600
13521
6506
5041
6168
3394
6413
13731
4528
11536
10209
3433
1572
7614
36
10626
11452
2064
8222
9977
12175
13387
11219
11006
5220
15538
9750
14009
2506
5286
3650
8774
2355
13501
11236
3794
9855
5368
16370
3182
12860
6629
14480
12167
1684
4974
15613
7922
12014
16202
495
14070
6093
2404
168
8847
9399
577
14153
15892
3840
13987
199
4082
10470
8140
5172
2076
1311
8805
6503
3975
10177
8509
2379
15337
8654
14477
8820
14590
139
9739
12133
8598
9922
2768
14452
4851
5006
10306
14095
6905
13651
2693
6764
14613
3000
11085
15669
996
900
2420
764
3184
10288
7202
6235
14734
13708
11585
6030
5552
5806
9398
15106
11329
12719
4607
3877
10384
1094
1582
6779
9010
8756
8864
3171
14807
14588
5280
782
4677
13148
6866
16380
9147
3101
7408
2678
12618
1020
12312
6590
11560
12111
15848
5068
5884
948
9503
12785
12379
10488
4128
8597
2812
4799
7010
12944
15749
11491
11650
6937
15351
6567
13371
2174
6134
3230
10651
13184
14747
14543
9905
16235
7208
16253
15973
9525
14025
4424
13500
5014
15978
7699
15632
11048
4358
10023
9118
9508
5
4211
5019
6228
2194
9548
4115
10342
2528
2283
9481
2358
4599
4277
2500
13039
167
15269
15741
4733
9472
9135
7135
2051
1517
15272
9799
5102
506
1066
648
15820
4949
15187
14495
6472
15871
5531
10619
13556
9793
2771
10440
3381
1160
4898
8152
15569
525
3900
8726
4542
3952
13824
8887
9313
14219
7119
9200
12811
2872
4429
1377
1034
8917
7217
2044
5491
13258
7253
9524
6700
1321
6420
4177
1700
15377
11103
5633
3627
15253
1758
12863
8276
9744
15185
11387
13706
4525
13240
9381
7351
15205
6255
5542
10769
1807
6033
13516
6238
15
10786
15190
12032
3328
7172
2731
14105
14781
6440
16212
4692
14177
587
4243
14711
7335
12523
1335
8219
11428
1224
12641
7439
4154
12149
8905
3935
10878
1879
12059
7484
16327
14251
1152
13877
1527
1180
7138
9384
9464
15127
5728
14532
12802
15813
6044
14171
11319
10895
2671
10434
189
13858
2138
5079
5395
12350
3203
178
11867
9491
14654
6393
10033
2622
13465
14732
11958
5111
8649
1171
813
11114
16036
13808
5308
3808
18
4241
10730
1478
10039
16158
15454
5202
13286
15658
503
7804
7456
5221
11599
9337
181
4416
9844
8417
5496
13954
7715
8611
6800
4960
12205
3598
13515
2445
1869
3881
1715
14972
8467
13799
6017
11051
3830
407
13027
8402
12724
10388
2779
3604
11340
8154
3791
10047
13971
6953
16121
11831
13392
11525
11812
13722
2446
1217
12669
15701
7586
13714
3414
432
6936
9641
1458
16319
8370
14262
13510
1243
5210
14629
7752
10034
4533
8811
8551
13084
288
12560
14591
8697
15382
3428
8515
10620
5992
2723
4776
6058
1234
2156
6435
6139
6720
9255
3828
7087
7210
1760
3417
8580
9015
6826
4721
1036
9500
3754
7204
1470
10158
6006
4371
2975
2811
13563
4635
14388
291
1067
14135
7829
579
4357
11775
16311
11448
5413
5642
1703
13035
9307
13250
8679
13502
2070
1499
11332
2714
13341
10788
12185
9627
4221
2148
3649
16016
9817
11277
4511
5329
6260
10902
16117
16371
383
12212
9580
738
3195
3122
4170
8325
7574
3983
7523
114
3712
6897
10927
3621
14446
191
779
47
8463
7386
13587
13017
2904
4464
2004
11859
304
6571
9144
11193
365
1722
727
282
9413
15014
12227
4249
15369
13902
10118
4093
7412
7631
3705
14661
4879
83
2856
3667
307
2260
5722
9083
8536
10727
15113
5860
995
1100
4202
2601
2357
13261
6301
2535
13761
13024
14789
2651
15580
9657
9232
11801
5791
9095
10966
4591
12370
16224
10320
7206
5261
10077
4281
4298
6320
13041
9843
6159
9355
5567
4307
7659
5198
12531
8312
13961
1843
461
2000
7911
2378
145
6908
3454
15855
12098
4992
743
11600
4015
13519
13648
12887
1340
2090
4589
13312
9860
13053
11030
4314
919
5803
7314
8687
2242
128
5925
2099
5443
11189
5875
2329
1170
3140
12488
3620
3110
675
416
3065
11815
6173
6249
11217
10312
16157
13985
14473
7858
3401
12801
13062
1162
11908
15008
6136
9117
6128
13322
417
929
6558
1568
10339
3410
1947
6416
9432
13784
11076
4930
12226
3362
8567
8753
14264
12714
11610
14085
6289
4935
15792
3768
11384
2421
14119
3111
2127
16083
5693
415
6685
2463
4126
5978
5247
10944
1965
8296
1027
8711
791
4149
14582
4548
14487
8553
2838
12429
6600
11806
5485
15318
15413
11253
3573
2012
10832
6035
12106
12528
7612
14404
5571
4425
1936
5999
8933
10155
4185
8049
11500
14046
12521
10269
13074
15863
8610
4773
12554
5575
8893
12768
11262
1991
4099
5131
9445
1494
14521
7102
16308
15660
12026
13886
1262
4625
1144
2181
3147
11805
2234
3647
12459
2364
9695
11178
1727
11369
8066
10150
7726
319
14279
10162
8398
1584
1427
1333
5969
14501
10397
1875
13246
198
4836
1657
14805
15279
15069
9340
13695
11201
14212
14718
2225
14700
10629
12353
11116
2507
5125
621
5303
1665
15604
3088
7485
1983
10988
14826
1749
14689
3817
16339
7109
8472
11158
1461
10497
12713
5709
966
3924
340
10263
7048
1120
13373
1908
11634
11441
13740
13898
121
9807
3937
6834
8876
15175
9146
15311
10329
3377
4637
6267
14544
2825
12210
2509
1550
12836
1004
9109
1713
3447
15457
9155
5941
8505
13677
200
8754
11060
5371
2813
8298
10468
3170
1019
3874
1790
10085
452
2638
10322
4824
9546
5799
3181
5582
8795
2657
6397
1592
3263
7383
2015
13101
7742
14028
3104
904
7393
13138
12328
4437
14010
6544
15261
720
4342
12253
11029
8540
3947
15673
15684
13577
3130
9164
3625
8422
12929
2580
2429
8381
5417
7985
8388
3906
16085
9179
10667
455
15159
4852
3735
11941
4541
13675
9698
5987
5087
7613
14733
8861
1530
8494
15556
8248
14552
9103
14869
8189
6010
4734
9378
16178
11791
10851
14819
5366
5635
2687
8009
10265
11402
5770
3
547
7234
1081
8168
2041
6856
4393
1446
3579
1291
1126
11597
50
12587
5760
2288
7359
14794
2815
5243
4616
3109
13933
10481
8984
290
4593
6974
9940
8439
11341
15667
15335
6647
6013
6102
13047
8117
2367
7690
6698
6456
7533
3971
9697
15218
4353
13676
4611
3423
11390
6224
3346
26
4299
15444
6257
10916
8573
2131
3719
14865
4317
2675
10272
1289
15907
11513
11839
14055
4959
10152
14444
12525
1476
11322
9052
15659
10739
10179
3922
8953
7532
14705
2821
5812
5849
2152
10997
8928
10721
9588
12998
12201
11649
9621
5189
2057
11012
8980
3951
13792
634
10328
7350
13233
16164
4587
5175
9562
8873
8814
671
4050
9773
13664
8181
11741
9823
7376
1973
3920
2761
10829
5088
187
11589
9748
12816
11511
7459
9021
10748
12574
9325
8303
9356
659
2832
11736
9499
13323
2175
5859
5374
6258
7923
14047
8365
8926
11073
1509
9046
3843
1712
15842
12541
3860
12813
2647
16363
10241
14400
7220
12232
8477
8013
9953
11910
15191
8411
11072
14802
15260
13324
13329
11455
15293
9086
15167
2209
16282
7704
8656
3661
2437
16139
9060
1274
8965
3004
716
13710
6537
8271
7899
11002
6463
15798
10964
2020
15647
15712
13972
13865
11445
2991
3657
8433
15933
14476
6316
8768
2823
14019
14099
4962
1206
14034
12078
12818
7015
1024
15717
12954
14193
11355
6187
11927
14201
890
6338
7627
15232
4408
4712
13913
8666
12640
574
6857
10176
10859
2146
4492
11877
2560
2468
9174
1407
2903
2715
8981
9652
5968
12316
3077
983
13914
7781
5332
12202
13626
3484
209
12243
10781
15144
12705
12067
5515
5874
4260
2003
110
12530
5661
6526
13738
10296
623
15503
6942
14525
13655
12425
5218
7496
1935
3332
7122
3502
5072
7578
2757
11509
8950
8156
10270
309
9769
8836
12355
12990
7651
2198
14474
785
3718
11528
6384
2422
2206
13911
10996
15797
15819
897
14159
5030
12933
14886
4730
15091
6978
15197
3511
16059
7968
10676
4961
2598
10527
10741
10679
6855
717
9791
1502
11971
4275
7657
15932
1358
13166
5245
793
4041
4247
16215
2137
16103
16177
11868
5677
7280
11032
3595
8429
13524
3833
5769
15565
9330
11087
9866
6835
1544
2116
1179
4484
2970
15636
11432
3960
3685
9899
9448
16146
1822
12043
9335
8531
12778
11889
14289
8275
5239
11676
1263
9477
14101
89
4046
12100
15841
7696
13875
14256
11395
15139
11532
1397
11475
16073
9039
11902
16262
2059
6236
9
10980
15624
15082
14827
8576
15473
9966
4878
3178
13037
10768
2105
6791
13547
11312
10596
7824
6170
6107
14881
608
1547
9341
2066
7382
2956
8186
975
6708
6388
4820
15746
13099
1974
7506
8012
7757
2166
9846
15481
9683
1642
5825
2431
9702
7071
5980
3774
6521
10550
10963
14417
2986
14340
14744
6020
5358
2929
6760
12987
1930
15023
8083
13469
5713
12586
2867
13088
3676
119
2597
2564
13765
1202
4726
10992
4519
15497
5564
5549
14512
13432
7269
8751
3035
12783
831
6031
10137
16328
9167
7424
11487
11418
7571
13142
6419
573
7692
1361
1414
172
15934
5259
10456
229
7540
12927
11960
3314
15878
13703
4853
12279
12756
13185
11220
6711
6441
3562
13561
15838
15048
4813
15266
11243
1639
3275
9872
2743
9408
7611
16320
7150
3820
847
9469
4787
1607
3892
3416
14220
2920
13109
3261
2224
11420
13317
6261
2655
12947
3486
7883
4943
5783
11214
10920
12082
6967
945
1730
11856
1837
1235
992
14225
4782
3589
10542
13412
7444
2591
11918
3060
7534
11419
3836
7951
9295
5975
14125
14828
7521
1963
4042
9746
11049
12648
8050
6900
14569
12524
1959
691
13685
15120
5707
9142
4124
5747
11071
5854
14205
179
1344
16116
13812
10445
1885
7213
2887
16312
9667
13472
13361
5740
14706
9405
6957
11931
6142
10709
6554
3197
4646
6355
4142
7435
9044
11064
10387
7431
6656
14677
134
3587
2092
6906
12553
15544
15687
5674
7373
13613
10072
10018
4224
163
684
10706
12231
9358
3473
15832
12412
6447
12742
9666
7307
5784
10698
8105
7554
8924
6799
5369
8025
8161
8457
12795
2902
3297
4888
3351
2935
13308
14595
15322
6334
1638
4112
11494
5128
13351
1814
8771
8690
11274
7001
4102
8684
6830
8772
5071
10789
7624
3373
7363
2430
8983
6894
1723
3402
4660
2244
2489
10
10243
12125
6748
234
4458
6670
2143
14683
5732
12962
14879
5089
824
8741
15306
9456
7082
9252
4745
472
4113
16106
11307
8770
6661
3760
12611
44
1181
1195
15071
2058
15033
14984
11780
10323
4229
2045
5926
4594
5268
15530
14556
7405
13749
5345
901
7738
10961
12551
4105
411
9112
4990
2960
11065
14332
15805
5965
6591
7499
8517
15471
7944
10327
15305
2844
14078
13427
10774
3519
2032
15574
14624
12936
13665
15774
11913
2399
14950
13459
15893
2073
492
9258
13588
8855
15761
5057
13747
5936
2618
15174
9877
3665
15567
12349
10738
12572
10673
6220
4462
8883
9948
567
9308
9069
9879
242
819
7301
8067
5797
11764
5823
12373
14923
800
4469
5129
16091
5737
9404
16232
15386
4318
14698
12159
1625
11698
6989
668
13601
11932
8014
14586
3108
16260
6701
1075
10498
7536
1852
12361
3404
12139
15067
15671
10713
11816
12520
3126
10597
7568
14026
8036
7154
13181
4204
9018
16084
5083
10816
13698
4024
2893
2711
3551
13051
11622
5793
3648
9364
1295
2050
1801
8486
1025
11922
10572
7387
7349
13061
5988
2264
285
9423
2700
14145
11564
11661
9199
10438
10549
3209
8424
15424
14817
1326
15507
798
13093
807
4010
13906
6253
10956
7796
3009
4206
14795
8088
5049
3590
9955
9834
11446
12384
10037
7016
10662
6997
11454
8565
2953
14981
15854
5120
7232
8833
13940
15100
13897
1535
1702
3703
16229
12482
16026
14701
11788
10598
10291
8302
7862
13173
6211
9506
13337
15732
6780
8356
7655
516
2184
7816
8432
8844
9558
2949
10623
7046
1077
35
3623
7999
2294
7149
4578
4004
4693
6060
14973
12465
2565
12735
14539
13419
16223
9462
7890
1150
12622
1926
5876
915
748
6861
9246
10335
3145
16098
13242
8091
6724
15828
13938
11127
14296
15027
3533
6146
8759
15686
4274
10340
14275
11047
11261
15986
8071
561
15505
9664
14230
2621
3398
937
9482
1894
389
11933
4697
1323
6217
2407
1626
10316
14234
8064
10181
6985
9031
16350
1808
2304
5492
5096
3075
13461
6677
15605
5267
8602
12469
7377
14383
4500
16195
8323
6491
3228
3288
5915
6621
7732
4132
15018
2388
16150
56
1242
8671
2508
4392
5305
630
10762
6659
78
14137
6290
11107
2669
769
8474
3244
8311
12634
9902
553
9705
11720
8116
849
2183
9209
916
13176
6890
13266
8622
13423
2804
14499
13490
15045
12867
15116
3259
9822
633
5461
7755
8359
6785
10837
14985
14339
13175
16233
7630
1449
16055
4657
6078
11320
15974
1405
8077
6422
6182
11957
3173
9158
7214
1030
5935
2911
13910
6151
3803
3273
4797
3222
10442
8493
1787
12042
1355
15021
6877
3118
8203
13078
13410
11303
647
5061
13693
13493
8998
2501
3239
10900
9225
4237
15379
4161
6617
10235
13272
3464
10136
7380
15494
4504
12788
8931
3986
12158
1993
13069
6268
8268
11192
4884
12174
9173
8822
13926
2786
13609
2660
12131
4155
4771
11646
15264
6532
14189
6715
4444
13145
10793
3925
7455
7195
2289
13672
7589
6165
7825
7056
14931
9009
2481
4701
7291
8037
11125
1964
16266
2170
15047
11095
4671
13103
6117
3976
1640
6895
12334
7250
1189
12752
5523
15631
4862
223
3382
4273
14170
8875
12062
13733
8721
15821
7157
10948
4119
6458
10207
8961
8205
12977
12001
12585
10929
6076
3094
4146
8747
10723
15628
4912
6332
8339
7832
11891
12044
5327
11871
9893
1736
8999
10100
15891
2746
15793
14942
2640
13290
8470
15779
8487
590
1980
9077
2666
8466
8376
5146
2325
4892
12225
6851
5418
10503
7846
12799
8779
10227
7085
9490
4850
7126
4535
12481
2258
5668
10543
9113
1374
8633
14194
7830
7937
14248
1831
13505
13081
3784
8652
7647
5494
5276
11212
6152
14191
6018
14014
12620
14905
15371
12937
14466
124
14896
1622
12624
7395
9000
4028
9882
2077
1624
15804
14392
7059
10012
8584
9632
3862
2369
13957
4081
678
13825
11901
9574
12285
3165
126
14740
11537
11712
5480
13428
14209
7850
14647
10041
3148
8792
14263
8558
1585
3601
11911
6867
3850
825
6910
91
16021
5178
15734
3499
1976
1629
11113
14609
3349
4907
10830
15295
10869
13843
11293
6216
5650
1888
9450
12723
11667
8731
1600
2287
4117
9892
4809
2250
3451
4286
3353
14680
9522
3243
13186
13837
7003
3397
3053
15777
2266
12315
4650
2589
6356
1148
479
552
7343
13541
15084
15817
13991
2188
7490
2646
2865
11132
2368
9034
13549
10027
11267
2312
10053
9318
6049
15621
1056
12054
16375
8371
13658
4831
692
11306
3400
15677
6973
5385
1670
8825
10589
4060
1643
2093
3038
12964
11580
695
6092
9787
9309
15898
16270
2973
2389
4079
4077
9122
15149
14958
5853
4744
11195
12311
14631
1916
8791
6889
11167
14363
4076
6129
16225
14484
7290
4904
4253
14107
2098
7090
9900
1844
15707
14018
6412
14848
16172
5851
15560
9043
13924
3424
5497
1468
16303
8653
9720
2551
6811
15681
12194
12988
12329
953
4648
15581
6548
7105
120
5940
985
9853
8574
8059
6198
13002
9379
6004
12646
1804
10282
1301
14438
7931
9014
7791
10686
10194
14538
5540
6476
5027
8589
10882
16281
5370
7045
7782
3100
9576
5255
6788
5960
13624
10025
11607
12861
9898
6954
6364
3790
7878
15782
7124
9441
4322
4217
8385
5600
10164
14727
10880
9349
9274
12386
2978
12707
2955
15247
14702
9680
9431
10795
5609
11753
16002
14403
1878
16220
7729
1155
8136
2308
12667
1555
10666
5852
5078
3528
3869
14615
7032
1304
8133
2480
1343
14257
1003
899
2537
7247
4130
15716
14612
11841
5673
4021
10371
13050
5587
7617
4148
3321
8317
16128
12542
15856
2346
3395
15286
15296
16250
5617
9284
9947
5576
6919
14970
6505
7896
12637
5766
15430
5343
6272
4442
3257
3745
2607
4803
16209
6696
12302
11143
5274
5557
15668
14663
12674
15459
10417
2259
13016
1338
13870
6731
15882
4807
12675
16222
7368
5998
9745
7828
11068
2794
6366
6664
9264
9725
2142
2703
789
12722
8804
11295
5648
7304
10856
3391
4136
9567
5130
3234
7242
491
7189
335
8989
12969
4347
4074
9916
5906
1487
13960
8954
11034
7615
9446
14333
5649
14843
14195
14737
16307
11549
14381
5506
15179
11503
3311
10537
11025
9917
1606
14635
15214
15542
15145
7998
15128
7636
12376
10000
14108
3694
9625
7618
15002
4323
16322
13669
8218
8964
4337
14231
15790
9780
13000
5881
428
15417
15950
4825
13891
4428
7661
4075
3739
11686
7743
2016
6483
4183
6495
5954
15910
5848
4602
3943
10472
14127
13485
4438
10867
4570
9673
11967
12073
7991
6273
14692
9594
4909
371
15241
7207
14303
3254
5025
6485
12230
5913
666
13416
9371
1495
11348
15528
12374
3027
10378
10259
12417
7807
6733
12109
10199
1366
11389
832
8070
8024
4795
8355
4305
12280
12809
6324
11645
14154
14449
3902
7897
8588
7433
9094
9777
5347
4376
711
14139
3085
5378
8043
6776
8714
11507
16280
5241
12608
11471
11462
15073
2089
14600
2576
11263
9678
3926
1675
6984
13278
6618
3412
9097
4950
12347
7254
15162
1118
7369
10689
11100
5005
4609
11961
6269
14152
4089
12439
4566
8473
263
14979
10722
16022
681
12775
1380
3360
1928
9324
9389
10357
12241
2317
3054
2874
15650
11988
15796
7652
7123
11188
1512
969
7975
10715
9749
1627
13728
7551
9436
339
7147
14821
10655
1658
258
7237
4452
6321
306
7685
11438
5979
6465
9202
9661
5543
264
4890
2123
9507
2217
8051
9859
9757
15325
10840
15350
5752
16358
8354
8623
6793
16349
12099
5684
1771
7284
2587
2908
9075
11757
10005
9131
10200
10399
6631
6520
9474
592
102
9792
10584
13514
7151
4810
3756
10636
14893
16171
3043
13256
13637
13856
3861
10821
8542
5889
5511
6428
7460
14211
257
8015
3779
12967
11486
4603
4926
12211
15839
9102
13003
8500
218
396
14716
8923
8089
3841
13231
5367
2301
3748
6739
10444
11296
12228
5469
13854
4404
13543
13834
4040
12096
3256
10348
12753
10931
337
12284
2727
10649
759
12407
560
5864
7870
481
9365
6843
13638
15590
11854
5029
3977
13499
10011
12856
13862
12487
5090
10076
9521
15129
7136
9565
12394
9751
858
4106
14272
190
1564
4536
15618
7670
9730
5365
11368
10707
12652
7031
11521
15475
12064
15516
14782
5229
5620
930
1154
9648
11108
10439
1334
1728
15799
13077
2082
8925
3776
1718
12468
14424
3250
4663
9231
8300
7952
7282
1308
2176
11541
2241
8061
4683
1298
555
7181
9913
16234
7644
3552
12474
3799
8495
12086
11498
3785
2916
9233
1898
13390
9946
654
5187
9559
6471
3481
12438
12686
6565
16153
5697
13006
2950
5785
6862
12934
5861
11638
7113
974
13821
9849
8945
11130
3702
4505
5412
3114
93
14265
15140
5993
3112
8097
438
15491
7594
7780
13869
8657
16191
13442
15637
4029
4815
137
1795
15555
5212
15492
6381
14432
8435
3865
15487
8159
6789
10617
9106
6599
13204
11883
11302
12126
6804
3516
9177
2251
7966
7306
5238
9180
2984
9136
13813
3644
14352
4427
5502
4373
6933
9333
11372
4718
3167
11623
1929
11279
13068
15392
2985
2578
286
9276
12240
3176
6964
5386
14528
12365
9228
13994
11381
7229
5306
10301
4806
12985
12888
8645
10105
9296
3425
13513
11093
13974
5164
6298
372
14741
14787
12154
440
8151
11688
4116
5325
15766
13115
8440
13497
3091
13745
4957
12336
3336
7226
14172
13421
4531
245
16306
816
15557
9510
6814
7849
951
3193
9452
642
14124
7768
16361
4084
1045
9619
10842
4529
1052
8148
8250
4486
14720
16305
3540
2627
12566
9937
12087
5138
3383
2526
1687
2563
7125
10313
8537
14312
2701
14930
9241
13143
10391
14435
7658
5118
2625
6423
1379
9963
9668
12300
2994
9964
1329
4645
15944
1121
16256
10441
10683
9196
12852
13546
14330
6870
2915
6460
442
9326
9989
5720
14952
7678
7401
11740
2592
9407
14550
16035
3914
14497
14943
2074
8736
8920
10251
7976
4158
6947
775
14611
3062
556
15228
4678
3093
10286
11905
13191
10613
6649
3603
1924
14481
15521
774
13597
8319
2717
14357
6601
15488
9915
16024
884
15610
16293
9162
15870
9676
4362
410
12436
7954
14959
9372
13144
12025
16294
2419
5364
8709
10668
12305
5579
11964
9008
7092
4617
14678
8601
5885
182
12414
15274
13848
1683
8737
694
7260
16142
14921
11450
11404
1569
7066
14460
11666
15028
12306
5348
1909
7017
15927
2645
1223
3607
13526
12281
15956
6401
11559
10408
8694
3822
5080
16124
14433
8475
16317
14873
14457
11376
2249
14450
14182
13426
388
6436
4264
3106
1744
12221
4248
3322
8196
13015
5895
7381
16081
7610
5977
10694
13400
9828
1850
4996
8870
9248
2452
10385
13586
6404
962
1589
1043
16367
13606
13213
5382
14696
15672
4244
6971
3571
3392
14246
15117
585
4620
12112
9876
9512
28
14862
6174
11247
10006
15449
2531
14695
5363
689
6446
768
9073
9672
11278
5038
13941
3929
12364
11084
2024
15983
3318
1006
9316
6454
15578
4144
7559
5121
6681
14651
15929
13801
1913
12162
6137
7160
14096
10334
10989
14461
5534
3283
8975
8934
3312
2011
6087
6979
12968
15697
1529
2644
2946
7322
13953
4622
538
2847
4225
1854
3981
15971
15320
7988
132
10422
3160
8137
15537
3635
13450
4114
4043
13967
14035
14940
5040
10868
3221
1490
3546
936
3277
3966
1536
3482
9063
470
4499
7809
3444
9932
11981
10658
15334
4292
11523
10332
2688
11101
5359
7390
820
13831
1577
9182
12776
10009
2797
1978
1302
9360
3249
3303
10889
5388
1880
1923
3033
10175
1443
5754
4919
7845
10697
11429
14387
8204
7270
380
10423
8942
9171
15896
11654
4739
13833
7252
7821
4156
11344
669
16102
2036
2150
2048
8603
1284
13899
15506
13641
877
11699
11534
2931
11864
1583
7837
15960
7256
73
10670
4252
15654
11955
14216
5757
232
58
72
15688
11656
6380
7283
7970
4386
8333
5671
12946
13468
5973
7982
2318
7569
9597
10477
3385
271
8973
14379
3487
351
12103
5290
15383
13453
5640
482
3811
6699
756
12903
7058
15147
10998
3564
8968
1367
1613
3580
16
5821
6210
9367
10736
10833
11936
6094
8072
10525
9540
7553
70
1586
9582
6205
11884
12030
4434
5879
15089
13021
1659
10621
11363
12293
6658
195
5942
5009
3216
3498
9600
19
13810
14548
8273
1901
13640
7005
16061
11583
12774
7129
1594
10684
11689
11723
14712
10558
1864
8226
4679
1648
5109
14725
4088
15641
5712
9724
11692
3390
2315
1110
10937
2270
52
15738
15926
9359
10379
3637
6373
10632
12017
10467
9242
15936
3643
533
2933
2995
7024
1654
5653
125
13460
10480
10538
2269
11019
1759
15466
14278
3289
9833
14243
12906
1101
1699
11783
11948
8786
9679
10763
10464
16190
4674
10752
2754
598
8318
12188
4513
13857
9776
5024
4282
13579
9701
9968
11980
14688
12961
12165
13152
6703
13063
13477
2648
12065
11637
2818
5414
11001
918
10380
3868
4874
7425
15679
15122
1368
6662
14235
8944
3086
7372
13531
14040
926
7222
12435
12170
3013
14378
13538
15727
10249
6438
5805
13201
16032
5188
15156
10485
14759
11926
3582
5612
12552
15752
3014
12431
16206
25
4740
12718
5283
5514
4063
4070
6837
3569
9818
12920
10635
2869
11069
15336
5155
10610
874
10892
3098
3219
1900
6695
13094
10198
6951
13192
6853
1194
14715
2023
7585
15062
4230
3781
15539
10135
1933
16119
2758
3003
15711
1566
14458
3418
2665
10720
7345
7934
15535
4406
13275
9958
13487
14227
4399
1720
15694
8272
4515
10257
12070
2650
15760
12058
5795
6150
8544
9310
13620
10747
12110
12882
8109
11063
15815
14087
10049
2860
4653
1415
10057
15200
12889
12180
6302
13122
10250
10567
1767
5822
3876
13169
11953
12193
15150
9584
11710
8004
6354
9604
11590
4336
4487
10112
5351
5520
8971
15588
12038
606
15840
12196
10048
13734
11581
4729
4572
10657
10630
231
3475
2071
6359
617
14151
1241
12513
12678
2049
1191
3812
6362
3658
1839
5451
13303
1233
16274
11316
13661
3585
4472
3198
10750
13179
2466
346
15919
15086
169
8160
6782
2351
11397
10865
9192
11747
7740
12289
7872
7948
3084
2934
7698
3134
10171
12430
13475
3240
2603
7977
3029
64
2873
12733
4388
1050
13462
16342
230
11102
11921
8229
5809
10528
562
5156
753
5074
5373
8780
7478
5445
13299
11426
10510
8895
1400
13585
1313
6796
8166
6183
11205
1646
7319
5592
1250
14361
12943
8548
12220
1410
662
3116
14628
2649
11562
4329
3286
13893
14269
13570
1667
11463
1124
7822
2043
4246
3188
3599
12894
10756
2385
2807
13764
3910
3751
8718
16134
7297
4738
4300
3666
5043
970
15587
14722
729
9502
3011
5893
2744
14558
5746
6641
2417
7097
9011
10156
10594
11146
8794
3870
14130
6557
7800
9727
8848
2365
9344
11015
6852
9115
5782
6421
12639
13842
6972
8676
13977
6753
11696
13879
2403
5411
4294
513
15070
3974
1501
13684
7748
7236
2005
7338
11721
4866
13873
11239
14386
13413
15310
12732
6315
2661
9888
1041
12074
4433
12886
13630
4582
3192
9841
15947
9858
15737
15060
14762
6904
12251
754
4401
9496
11361
11472
6408
15695
2290
13313
7336
494
13922
4558
6121
5921
4280
2374
6209
5545
2659
11480
6907
11323
10031
13596
1546
11734
7871
8419
3352
8634
11966
10807
261
12782
6612
14426
7556
2039
3073
1498
6821
8284
2223
4022
2246
9981
15123
3480
3491
14936
1570
2697
12790
1934
10338
11009
13932
3055
8605
3887
12049
9618
13568
3515
4834
7733
8158
13417
1337
2884
10566
6864
448
13385
7411
402
11772
14964
3456
2667
15990
15981
13247
5522
4770
10808
3129
13295
4597
3886
1958
13197
11433
14530
12122
9924
4334
11460
14226
4765
5662
7098
16291
3645
9975
5091
13445
10246
13704
10101
1139
9758
537
10421
10941
6417
9805
11866
1299
2327
6578
14594
11078
13129
3158
12945
2882
16337
15370
12550
13354
8502
6671
1549
13044
5593
14875
2129
11803
7437
6938
5265
3366
6069
4537
9578
10616
9435
3495
13699
6976
1770
15343
12120
1481
6143
15771
7367
3823
591
8146
3864
14920
9553
10923
2748
3613
13713
6185
16278
9778
3020
1772
10691
13174
7230
6736
344
10732
9220
7637
12800
10502
6874
15690
4846
3135
11415
6027
14724
12411
8165
11641
3280
2047
5581
5944
1800
8187
5110
15262
1033
554
8254
9904
10986
1161
2930
8100
10564
9542
9283
9998
7842
8257
1445
1158
5934
16079
7342
5353
268
15236
13791
10959
8232
12286
3610
10599
2449
9930
4395
13230
10729
1467
5521
3223
12712
14731
4446
13155
3040
15700
10168
5034
9543
13436
11282
6522
4785
11179
15216
8446
6231
5015
3769
14375
12514
1496
12595
1693
683
10814
5589
15532
10111
1897
7695
13023
758
15239
6805
4922
5056
14640
9204
12603
12548
5829
5814
14913
7186
12011
4778
6812
7463
880
1151
12575
4200
3824
10819
967
6055
14286
8262
13073
15004
7178
1348
15176
9058
12932
2653
6893
71
8881
3113
2484
7241
5169
8230
8167
5486
6704
4100
15967
12257
5675
3326
6262
1939
12020
8781
6365
12848
4883
398
308
2566
7567
11155
8111
14630
11227
2534
7848
3629
8918
14041
2878
15808
11916
660
4911
10708
13811
10712
12420
4226
197
2866
14089
5585
3832
9659
7158
1166
14259
6461
9960
11028
2574
8087
10974
10073
15429
5734
6226
2195
14290
626
15294
13269
9825
4908
2982
4483
10083
7974
6339
15957
3544
6586
16099
13560
3489
8310
4644
3640
5546
5927
595
9121
4724
378
11853
3853
11290
584
10780
8778
5883
9868
14179
2254
9127
2617
6251
6029
16019
10167
16110
2909
4543
118
5113
4722
2863
11088
13988
4869
6275
709
1282
4691
3175
3895
10165
3656
412
2505
11040
46
5312
5917
3237
15148
13721
16057
13087
604
5608
4012
3378
12448
11449
12322
13072
11919
16343
14298
9909
4894
11567
11718
11711
2135
2375
4651
6074
15573
11730
158
7019
3677
12413
2493
7595
6063
12217
10778
802
6292
12874
9411
3907
7021
13280
10942
7769
8506
8660
3594
318
2425
5914
13946
12610
9802
9737
9229
12024
14978
12600
1037
13736
7811
14350
8504
13305
15447
5866
2713
6602
10234
5116
9851
9956
8566
1184
14549
6762
7162
9663
9566
809
8637
8946
14954
10576
2475
6455
15353
6113
1840
9460
9129
10977
14214
9125
13212
15593
15514
12500
4108
8749
6125
4714
15785
9681
1599
7495
8065
14155
5584
9175
13732
2939
11504
2828
16039
11228
429
12569
6570
1382
8904
4036
4137
14639
1116
5765
5237
15611
2112
6178
15354
6313
11786
2436
11703
1421
14017
13691
13119
14443
5023
11151
13660
11382
1611
15479
15157
3022
11059
2491
4958
10591
13900
13111
15880
15559
6749
15280
13199
12301
10233
14938
1336
8890
5252
8016
12445
16071
10058
3566
6848
7856
4670
4400
2829
3008
3232
2454
16086
8430
12171
16179
1806
4839
14268
5735
6297
1705
551
15940
11476
15857
7228
9635
14196
5142
4380
6595
15259
6790
8764
11122
8213
9732
4735
2394
5331
2805
14405
11663
15418
10110
5957
2959
13790
1634
14260
3755
2104
6068
4768
1074
11281
6654
39
1071
14180
15759
6961
12248
8720
1044
2784
2766
10700
6530
2839
10382
2232
882
3710
16011
5578
1127
14607
11407
5094
6415
10809
11857
13382
4423
13210
14080
3442
11165
14912
6680
8727
5062
449
2718
870
15768
5398
5524
14735
11120
5767
3793
12914
1475
4769
14775
679
12066
8738
12157
8885
4250
15414
14011
16063
3999
8829
5824
1686
15300
12842
13474
8489
9410
12797
6265
2974
8107
10801
3523
203
7859
15742
15448
4326
8849
8202
11994
9041
3238
15515
2663
1710
7002
9282
11659
14074
8838
3211
6839
6097
15207
2296
14187
10452
6917
1097
10370
2037
1398
8023
2800
12792
15398
3501
6459
10337
9532
14415
8406
10639
4502
3189
4627
8209
6562
7287
10002
8425
11875
10507
5695
3034
5699
10240
13157
5415
5989
1399
5819
6488
4023
3547
8287
11914
10791
15942
14165
15512
13366
5738
8662
13611
8832
1156
361
6831
315
4270
6960
10412
16246
9479
7717
13082
14709
4859
5269
21
776
1129
10424
7590
13253
5139
11411
14761
4201
4547
10688
15602
13304
697
5433
11008
14751
4786
12477
3752
13859
10244
2728
7177
354
12
7142
15271
11785
519
5924
4899
2605
11876
571
9187
5493
6763
8405
2081
423
459
4384
7759
2876
15710
10191
505
13692
6896
10221
1685
14447
657
6296
14999
8176
2817
817
13263
7441
7777
14345
15099
6131
10943
4489
7572
4661
6927
7449
12442
14922
5315
4696
14241
3146
15601
5553
13008
15372
11275
631
1479
5664
6865
2178
7656
6090
12726
1281
16151
11763
9433
10003
15756
10365
9585
3120
8476
14756
5643
10132
14864
9366
2122
13180
7703
11596
594
12891
16354
8383
14079
7996
8034
12027
8600
5242
10213
1300
74
6551
6426
12177
6498
15758
10685
15180
947
8458
8661
1104
2790
1562
2897
4577
8437
4365
9742
6278
4059
7798
10854
8730
146
2272
11056
6319
896
733
2390
4005
14051
11907
1168
4481
13449
8396
10607
5892
4165
12663
6610
10615
13851
4350
9250
4068
2469
6280
12829
183
8147
5064
7114
12769
8581
3347
11255
14183
9554
2207
12916
9234
8929
3127
5930
11625
356
8098
14317
2149
9610
9442
2571
12763
3891
7392
8591
3052
13802
5896
3384
6304
10578
1317
6387
16368
6370
6071
3225
14376
4819
16145
13729
11814
3884
15874
14697
9269
14894
5956
7076
14244
7892
4728
7410
8698
2215
11365
8740
16097
12834
7471
2387
10403
6347
14200
154
14510
14249
6509
11744
8241
4355
13920
15904
3679
13950
12580
10159
12035
8809
5591
14023
11592
7790
6477
6922
13724
8327
2568
2729
5253
7672
5000
1117
10887
15050
345
7789
9132
49
6983
6909
3982
4860
1511
13195
9331
2720
10229
2299
13562
14419
16259
11769
8532
10277
15894
2102
10140
3998
9518
9878
8520
14377
4369
6154
9346
9643
14627
256
2513
5271
15316
2962
8913
5419
12310
708
6032
5607
2083
6425
4559
4539
11878
8541
4218
10014
8421
11440
10448
13628
4421
10577
7458
1892
5598
11270
4916
13315
12642
2924
7663
7312
10586
12761
16136
9256
11771
653
12716
10466
8682
11601
9277
7371
14693
1742
7990
14428
4975
15540
12219
10264
2009
10128
8911
228
2525
6291
9042
6050
10557
15731
10491
2210
2193
10823
9607
11543
13785
11106
8935
7091
10915
12206
4838
16295
11238
3301
11984
7679
3731
7914
6040
1752
8830
1950
1575
10078
16325
15490
828
7502
15943
3166
677
3918
1413
14496
15954
348
12004
9249
10024
15834
10043
7851
13116
14389
185
14192
11020
7384
1992
3730
13156
3133
176
5958
5758
1276
4265
5328
14555
13775
5868
15326
3294
14933
10782
5910
2140
4501
8291
9756
12975
10300
377
11662
8535
2539
6879
14774
7470
11575
4835
13356
241
8215
10870
5526
1882
9166
10985
7599
15886
8086
6887
1062
10208
11168
4749
2488
2219
13916
14368
14359
15443
9836
7834
2190
10395
5596
3340
8595
2391
4135
9526
13296
12696
7552
6
13558
13990
7258
13582
20
10514
2816
10608
2213
4843
4876
9210
955
10068
14671
12343
6368
13782
14965
5622
7310
15364
437
15105
3856
5422
9292
5316
11313
5577
601
11027
12508
1636
4804
6765
10847
5845
270
5161
2141
5446
10587
7675
5182
5225
3691
10907
2432
15077
7592
13702
4914
1193
16359
15203
4011
4927
3894
1085
10309
6022
14398
8900
13907
7531
13982
15102
13969
14851
12028
12532
81
8908
602
4435
2013
2824
5471
12392
9674
8701
1809
12909
4340
14764
8375
7950
4561
7575
8132
15881
14632
10612
14906
1287
5561
4690
13411
9995
1688
7491
7133
13190
4579
7864
11574
12958
8403
4215
9126
12389
612
873
700
8970
7666
3051
8514
13232
7348
4552
6225
11305
7875
5624
13005
5573
1327
5908
8927
4991
14091
6573
11829
5583
11679
3207
15883
205
3039
9703
15476
14962
2265
7722
4952
8427
8496
9630
5052
4019
8755
1332
6175
3672
934
2870
5036
8758
4096
13127
10965
3513
14058
7582
8635
7766
15312
5490
632
7921
14459
13498
5437
16239
11357
2276
15441
12314
11996
8122
6161
6140
7054
3773
10812
4414
11352
3921
15230
12321
5326
5798
3229
4235
3987
10139
4426
15330
5916
3600
12145
13919
2160
5103
5529
15783
731
3825
9550
4705
369
4940
1463
8201
14422
11635
12517
13217
7170
7924
6734
5287
5263
8940
5729
5093
8743
13921
12462
520
5250
9557
1890
274
15458
11091
12186
10069
14311
12142
1813
1596
7465
14370
13621
4123
3632
2297
16023
4017
9343
8008
450
333
1735
6221
15249
12814
10226
14255
1464
15151
6823
6212
13234
15163
599
6177
5802
9160
2203
14535
4676
1500
16092
6162
843
140
9212
1320
13036
12172
7509
16217
12063
4405
6057
10660
8554
10212
8313
8386
5012
331
14658
12983
1932
5464
6543
15235
13476
7711
12728
12971
1251
1803
13067
13482
14957
7577
12619
3496
9555
9110
12009
7279
6676
7546
12408
9305
14823
4965
3633
5197
14351
14006
4767
4284
14974
4569
786
9323
10145
10746
7674
3461
11722
10674
3006
7271
8680
14752
15171
2238
9816
2091
15263
15275
3736
15931
6263
2530
1835
6987
5430
11505
8461
10431
10568
6512
14877
14060
11443
9380
7803
9921
9715
7995
15596
6310
1508
14384
7986
3740
12806
14982
12372
3568
14904
4808
5425
8834
4845
10703
16194
14385
13503
15606
12135
14804
14065
5085
3734
4540
11807
7959
7662
15769
11141
11098
1590
15713
6213
9671
7239
4976
5869
5705
2302
5467
15499
4711
13480
12823
9620
12195
14393
13539
10065
8557
14285
12700
10267
1429
3307
14573
7557
7620
10260
4222
3350
6875
4583
3728
5678
8750
12128
7144
8134
2561
1305
16187
9268
3124
13718
5994
14928
6667
10643
1440
7716
15172
7483
3669
15005
11134
14567
6516
7522
7527
3931
7062
6410
7414
12486
15445
7827
8857
1190
10677
2125
11739
4720
10116
12835
16155
10894
9230
8265
153
14134
323
14505
3989
8699
9636
1948
233
7992
9080
7632
13512
10490
136
1021
9458
9453
14583
10590
12012
13636
4741
8057
15074
15472
3245
6427
5501
6330
12653
8552
14645
1871
7404
514
15285
2833
8677
6969
7927
10482
2541
11218
10364
5123
3295
11310
15389
11611
5180
5391
6648
3028
14509
15345
5651
14498
747
649
8949
13883
15903
6288
11353
2344
10641
4467
13754
15001
16111
5836
11691
957
3389
14675
6638
9030
10149
15410
14541
13363
13829
12907
4754
4924
12199
1553
6970
12758
11514
5983
12416
7176
9885
7339
12398
14529
3341
14416
2341
15691
16289
12824
9647
8195
6012
11232
11900
5455
4793
2132
5324
14049
7765
7524
8171
12124
1678
14380
13845
1791
4208
7084
1141
10648
8725
9108
3037
725
12573
1608
9439
8344
9159
14621
2282
15268
11969
6064
16114
4098
272
10571
8409
2118
16369
3842
12247
8647
2958
2236
14003
11978
3737
15750
11959
8897
13168
578
2676
14310
2168
10104
15661
9741
5474
12136
15524
9055
1614
12680
13020
5691
15702
9903
2792
480
6540
5483
8818
11039
8251
14778
5184
7539
5444
8145
4391
11974
5652
16226
4954
15938
8280
4441
11928
893
3196
10656
8102
9076
14394
14373
1695
8742
4702
1506
5356
84
746
10394
7036
954
11362
7245
688
10211
6318
12269
3532
1903
15858
12015
13645
14643
16140
883
523
797
14401
12694
2247
11017
12402
14037
2952
15682
11608
13307
5827
4111
14547
13211
1292
11603
8851
14190
9459
4219
848
7029
11349
4251
5659
6047
284
4006
12868
4157
4463
7710
166
6240
13085
5744
8394
8289
8798
2442
1225
4555
15899
6468
12176
1108
2350
13083
5696
401
6536
15373
3019
13007
13141
5073
5928
6333
5167
3087
13779
4383
6940
4312
5070
8288
15374
12910
1047
10089
15290
12999
13746
7693
13518
7852
6502
911
6497
8368
5929
15483
8346
4320
9602
508
5275
6475
11077
5554
9628
4917
15995
7767
15851
13793
9707
12309
15644
2945
133
14580
13818
15041
8620
12496
10885
10593
11782
10863
1581
2326
12085
14745
11593
9107
5291
15529
15314
7867
9320
9864
2614
8027
273
2313
15748
10071
7893
12304
2473
3388
14470
12143
4443
11321
15455
13403
1068
11213
9096
10050
7053
2609
151
12483
13948
14164
9084
5801
6493
3995
544
6345
4459
15093
4051
2963
8966
15416
2151
9629
4069
12452
4283
838
10130
8543
3069
12687
10426
9831
14540
4973
11838
10107
6844
15195
5208
15181
3380
8651
2398
9424
8613
1316
2303
2775
2192
15016
3641
2248
12919
2053
1303
14228
6916
13365
835
13777
11308
2245
4396
4240
2848
11770
6227
16283
8556
16348
5258
2971
82
1738
12881
9654
8852
3271
5223
6535
11259
1955
4710
1471
11148
2311
9813
5544
14960
2069
5008
12959
13989
3680
11906
5771
9788
3284
3583
4982
7121
10910
4514
3967
11283
10347
13205
14270
888
14086
778
6943
11793
8447
13377
8279
13471
1210
8341
13671
14941
9979
14897
4394
14162
8545
1649
13623
841
7018
8843
45
6688
1454
1125
5704
12922
921
13243
4902
10079
11713
6514
1906
2339
387
869
4592
7751
10881
14742
1782
3537
4473
5297
12522
1841
5285
9197
6982
9740
1385
7028
12076
7876
8103
5340
4844
3074
9138
7983
4048
14929
5397
12793
12609
14917
14837
150
1466
3696
7667
13214
10953
15908
10512
13435
13936
1042
15063
363
1128
5645
6728
217
13725
557
9755
2337
13102
2936
15114
10680
10059
3619
13871
2880
1618
13592
14140
9734
3903
8002
13559
9577
1493
8906
11229
9684
2795
3324
9735
14175
1786
12341
7902
6311
8575
14067
10351
14253
10310
9298
14773
9119
5031
6287
15031
12760
5233
3490
13030
12658
16277
12677
7009
9035
10372
1412
1996
3955
3958
13049
9191
11834
4192
5548
5457
13139
9779
196
11225
6163
14560
9294
10493
3545
1018
10098
5628
7416
3639
7947
1662
8862
8183
5076
14642
15729
16238
13140
11707
2018
14042
9633
12493
12562
3302
529
6450
2877
15888
14616
8397
15376
13909
4407
8018
1985
3465
1182
14406
8521
10827
11431
7340
10052
13282
5982
5047
16323
1147
11157
14084
6279
2559
15726
8169
2117
5336
14129
208
13271
458
613
4495
6999
15656
10307
11392
5065
3550
15582
11629
11044
10702
14004
10678
3180
9105
7397
7946
7020
7193
6169
1987
9939
13326
14666
862
4186
1661
13846
11752
2512
9478
11136
1748
2980
4571
11621
572
9649
1406
11751
6156
8498
2599
8886
12072
829
6245
2298
13788
13425
4997
1907
9123
418
2837
815
2490
8390
15265
9895
4450
7747
5759
11835
16010
14436
6501
6232
13835
11215
7518
9873
1268
7587
130
1053
14515
11531
3701
5897
2777
13700
4649
7457
16383
11862
15696
8234
6863
7949
8101
14887
10028
15406
4417
16161
740
1245
15226
397
7868
14534
13975
6709
7609
7442
426
15875
15689
959
6965
863
1650
14327
13378
12166
16144
13154
5423
5295
1105
9651
1981
3759
6479
9718
16027
13523
1849
15000
9476
6609
2376
5779
3605
14281
9134
2460
7107
876
13555
9704
9897
14088
9812
7778
10349
1026
14708
22
5625
11276
1096
14238
4634
14690
