1183
1682
385
411
782
778
742
1700
538
1350
1725
1741
1254
150
1236
1448
360
636
1984
1869
1473
765
1570
974
1391
1903
2015
1659
519
1887
1297
702
939
804
990
661
1857
1738
402
262
534
1241
557
664
225
1490
1728
1237
2
323
771
263
202
981
944
1219
1373
80
856
886
784
1351
973
261
1177
1082
1186
1014
341
1138
1086
865
704
1958
1564
1224
799
148
48
1913
1876
703
2006
883
893
651
1608
239
793
756
1078
1048
1302
42
1435
1832
203
795
1709
743
483
1715
1751
1316
1556
195
1988
409
1664
1824
252
344
1678
1112
653
1689
1786
1768
820
796
1414
1821
1930
646
438
825
1776
1378
758
315
948
1843
1909
216
1342
843
1228
2036
563
855
569
1403
1579
463
1276
1207
294
1947
1035
1916
812
1004
1697
1003
732
280
1648
325
630
859
497
933
158
727
1018
1422
1601
1388
1727
45
1155
1676
1693
1780
1431
1291
25
1670
905
1530
1492
1006
1593
1410
769
1734
1951
1623
1118
1269
1479
926
2008
111
417
579
193
1060
890
1720
249
171
1279
1066
1511
899
1990
1935
1499
1204
177
752
662
156
789
1119
1386
988
1085
1150
1229
531
53
1105
1534
1906
394
1908
1299
1814
547
1395
207
1500
1143
721
1878
916
1404
969
152
1002
2035
620
2038
947
1894
1660
1898
1220
137
1508
2012
1032
1149
1412
1125
1061
1352
798
1472
1640
1661
1305
37
572
907
1295
1453
235
1985
1698
464
1711
287
1665
937
1774
751
598
1914
1117
146
1089
616
1513
1963
1882
1307
103
1910
56
500
838
1849
1625
479
2034
599
85
1598
1940
200
1783
1135
508
192
272
657
1246
155
1411
1252
1278
1901
545
1170
1476
55
482
117
1227
1961
1194
603
1283
1181
504
328
1565
1161
458
861
300
1527
707
1600
1669
2044
145
878
30
1804
1098
781
730
1475
338
110
236
1615
489
1946
437
17
1298
288
567
1094
1174
1075
510
1852
734
818
867
1423
1784
1778
1772
1000
576
600
1931
1549
1460
1418
14
671
1518
1927
1438
1760
964
957
1825
2028
1328
1829
1139
1055
1216
1121
1571
119
549
445
1968
1877
154
1322
425
1626
1515
60
1649
1134
1261
543
1101
1654
1290
392
1025
1722
807
889
1483
1635
800
1100
605
857
1440
81
400
1622
1022
388
1657
350
1046
1346
377
1846
1823
162
23
1889
1275
1642
1811
1478
1300
101
760
1708
1812
166
1851
902
986
592
105
352
1503
618
523
802
98
1933
306
198
1971
623
1321
62
1952
648
1142
163
327
1258
494
1198
1429
1394
954
501
453
10
90
1362
181
2005
666
204
1854
1529
476
1024
1398
1223
1604
490
1364
206
234
1765
925
1872
1106
609
378
274
218
100
1109
846
1027
1469
1200
1253
1242
1797
1609
1084
873
1868
1380
1065
1777
1111
484
897
468
503
1836
920
356
210
625
1597
1076
369
1028
1294
1506
183
1335
451
50
1389
1153
1639
1833
870
245
1402
754
1997
1899
1586
1710
1752
2039
1817
1327
12
521
1686
1555
1631
217
140
1343
316
1810
1356
1439
524
1605
2013
228
384
1178
929
668
975
1759
1130
1243
509
286
1148
372
43
1860
1428
1318
1324
486
390
1447
1553
1202
1977
1211
1331
1001
2016
1816
1164
18
380
109
396
913
1413
1039
1131
1629
505
1365
935
1794
1637
1837
1175
123
1396
215
1308
513
1596
1519
1385
1397
1047
746
342
1450
1819
1145
219
694
1387
832
642
1083
1763
1436
888
1093
355
297
1796
514
1285
644
970
1173
395
143
985
1732
452
1052
1647
168
1266
860
35
1286
36
84
773
1599
526
904
147
1883
1673
1296
347
1092
1694
698
389
909
693
635
1383
134
895
1311
439
441
801
1487
1541
1548
977
1208
499
1706
69
1340
40
1714
1244
212
180
684
1679
780
1011
59
934
797
1742
924
136
1367
725
1761
1618
213
880
1864
1782
64
187
1137
1377
20
366
991
535
331
1813
919
999
1965
391
1359
1897
1614
241
1839
1341
1115
1743
637
862
1803
681
1393
1312
554
597
1169
604
582
487
1419
918
783
850
1344
2024
295
615
1767
1592
304
1981
764
422
717
397
689
1096
434
128
259
712
716
1382
292
695
1366
1336
1277
107
412
418
1730
955
729
759
1861
2033
178
1569
462
96
387
142
1088
1249
1390
456
719
2003
1787
1967
1773
983
1892
38
819
917
1132
1789
1497
1543
1578
319
1674
1998
1370
864
1090
399
1401
248
943
13
1064
1072
1982
564
196
728
1957
2014
824
1552
1583
5
1337
275
170
674
310
995
588
1815
1540
502
77
1737
1110
1969
601
506
518
1162
1374
1991
593
173
775
2048
430
71
1520
57
74
1470
95
332
786
61
1158
226
1012
962
1779
898
1850
1325
643
447
1446
610
1313
946
708
227
1368
361
1160
559
488
405
872
454
2029
1154
1859
976
1245
1486
65
1641
814
1461
1680
911
652
1726
230
1537
1542
966
1310
774
461
1247
471
1517
1415
1993
1912
131
900
231
428
423
1650
956
1372
478
776
431
1949
632
803
1880
222
269
1754
711
565
791
805
135
358
945
1739
923
24
768
713
1980
1053
741
1690
1799
561
271
1655
3
165
834
2004
1108
763
1240
1332
539
749
836
647
827
1790
1030
49
1017
1263
1831
197
376
700
1203
1591
879
792
718
1363
656
516
726
1704
1662
1953
806
1855
669
1560
690
914
229
1575
692
639
450
1667
133
520
915
1917
130
808
845
987
596
1747
1038
1309
1330
363
1031
1355
1943
1771
585
1234
602
1939
922
574
1433
660
731
97
996
930
1257
141
2040
179
1455
1348
2032
29
1221
1675
1533
1417
8
1551
382
1684
120
33
1452
114
2025
1016
250
2010
1195
282
577
1485
1960
1937
465
1292
842
398
683
1576
701
611
552
1345
710
1049
1225
2017
1505
1193
560
612
353
99
1166
837
1205
318
1826
1231
132
853
157
1070
1994
688
1465
1610
570
326
1190
1288
790
1805
73
1546
1858
1293
413
823
1944
4
94
709
1239
1507
833
1983
449
1830
1463
844
427
477
1206
1192
622
68
88
1026
1230
182
882
1559
1287
1956
1209
408
631
433
1870
1163
591
308
1384
1602
566
1656
268
1129
571
329
1922
1703
1616
436
696
1522
257
1707
330
575
1042
270
290
1512
1157
424
1749
1451
1107
1885
301
1059
989
1723
343
58
1573
677
875
851
1471
416
927
102
83
1934
1095
2019
737
1339
536
691
767
1801
191
1165
1054
1989
1866
1900
2031
79
459
1840
715
371
1691
2021
159
1514
1828
530
1891
1905
375
1168
1021
1349
189
1875
678
1666
901
1067
595
884
994
264
1369
1281
1890
942
2026
1757
1603
673
1919
583
188
1736
317
1856
706
1116
161
336
772
1681
1196
1791
1272
444
346
1124
1371
1189
960
1975
997
1184
164
1753
113
296
697
51
1256
1699
359
982
2009
658
1140
1392
1853
533
626
655
1928
475
432
1255
1557
1147
1425
1926
744
495
1199
1357
992
1588
1716
515
1226
1820
267
1009
787
1304
831
830
1260
1740
550
348
321
1611
1171
339
1688
421
594
1793
874
936
672
2041
753
1123
1652
1974
1873
70
1847
1128
887
285
908
373
28
1056
1280
1731
1978
750
613
1376
1074
1182
1323
1037
1087
1721
1942
92
1964
1077
627
1718
186
302
556
153
1959
1525
106
420
1918
1097
1007
410
1745
951
1456
1020
586
1806
1464
2047
528
1996
971
1628
1881
589
1925
938
629
1589
370
1687
1381
1036
562
1172
1886
1080
1034
621
1532
940
1717
1948
1347
1781
1235
1795
167
1468
1329
1218
540
246
122
298
1893
761
858
1696
1102
1733
205
1250
41
747
208
1538
1807
1274
1399
335
1535
993
1427
1800
313
607
481
34
1319
1400
1558
1986
284
1176
86
254
1590
1645
544
852
2002
634
7
1214
1920
952
1896
705
52
1568
1071
1945
584
1544
1301
1755
299
1929
498
517
1127
474
322
386
414
1798
1643
1180
1270
961
87
1581
1915
1326
1284
243
1008
334
1735
309
1632
1113
1314
932
472
527
757
429
1495
1729
815
194
809
1884
1595
448
1405
1695
881
1863
1671
1874
1587
381
1521
821
1658
1477
1188
75
847
1683
980
260
1842
1756
1976
1152
201
941
1462
894
379
1273
1213
1333
1911
950
1865
580
324
979
443
1467
138
829
1437
984
1306
1320
22
555
1167
663
755
1770
511
1262
31
491
1019
435
1215
1668
1197
1567
2007
1769
496
349
426
1822
1955
548
1013
967
762
446
314
175
877
185
1594
337
1114
104
149
1995
121
1702
273
1685
1005
1966
21
682
1646
1040
82
470
1938
160
469
127
139
628
1748
1043
67
1068
1491
1644
724
466
849
1638
1122
665
1633
255
1941
1151
826
1360
1827
124
112
2011
305
1144
720
912
1766
2046
1099
1634
1141
1979
26
440
1987
1574
525
1146
958
650
910
568
972
1504
89
2045
1973
1692
1577
1835
679
1902
199
1063
638
125
645
19
1879
714
1268
1212
1528
6
46
368
1531
1585
722
670
1185
460
507
1015
485
1921
624
93
745
640
1073
811
1222
11
1627
1970
1267
903
1217
1081
1069
220
1502
1191
617
1156
1838
258
307
1563
1962
1539
1408
1282
1907
184
1612
281
965
1458
1104
1482
393
1271
1407
251
740
546
551
1516
211
1432
278
1238
848
1251
968
1133
492
279
237
277
906
931
403
144
1501
1992
654
1561
1232
1126
1785
406
209
770
553
675
276
1315
283
1079
1259
1536
891
810
1621
733
1619
240
47
1459
27
1630
738
1233
214
558
320
1210
221
15
854
383
1426
866
1379
1871
76
44
1051
686
1923
1409
649
367
1523
578
2037
748
841
1044
419
303
590
455
1653
2043
1895
2022
1484
365
1033
813
91
1972
1509
1474
828
126
1562
817
1545
1705
1361
1488
78
190
736
1334
1510
959
1554
766
680
1354
896
1424
244
1613
16
1445
1406
364
289
224
1580
233
2030
2023
118
116
1444
1248
151
633
1481
522
357
978
374
345
1746
1582
1441
473
885
1788
1651
293
493
1489
1932
223
614
1179
442
333
1724
723
1636
1050
1303
1430
1566
1443
1792
72
1041
129
467
1954
963
581
66
1091
1493
1466
1547
1550
1848
1496
1999
54
1136
1888
265
63
1338
1442
868
1187
1375
2042
1834
1434
232
1416
921
1672
1924
407
794
1062
1454
785
1526
1802
1421
1750
537
1764
247
1103
169
311
1201
1265
291
1844
457
1317
1045
1950
1058
351
1936
822
1841
174
2027
1867
1862
2018
512
1663
172
816
699
1494
863
362
641
1498
788
619
667
9
354
415
2001
892
687
238
659
608
1712
676
108
39
2000
256
1845
876
1808
685
1713
1617
1358
1677
1818
1744
1353
1
1524
529
32
2020
1584
312
1457
1719
779
1023
541
532
1762
1624
1480
1057
1775
242
1572
542
1607
480
1809
1758
777
871
266
928
573
1449
840
1904
735
340
1264
115
998
1029
606
739
404
1606
949
1701
953
1420
1289
869
1620
176
835
1159
839
1120
587
1010
253
401
