3
162
236
17
166
147
172
158
120
36
127
234
247
194
130
233
242
131
210
92
149
128
103
142
38
48
121
85
5
252
6
65
216
112
43
169
62
18
167
176
51
246
255
156
27
245
213
34
170
232
118
53
186
129
134
33
144
9
168
226
110
50
188
248
97
101
111
215
137
58
212
14
150
55
181
185
133
126
96
35
44
68
161
10
238
214
75
143
76
88
42
159
63
7
163
61
138
187
250
37
123
125
104
175
206
180
46
12
1
67
190
184
98
204
115
249
93
153
189
237
25
84
94
139
81
197
106
56
80
228
108
77
91
82
200
205
52
208
201
100
89
198
217
256
193
16
70
23
191
164
160
241
219
119
99
19
69
31
196
73
64
13
209
141
132
72
244
230
239
177
32
224
114
151
116
113
207
240
15
74
178
4
87
45
90
225
211
107
171
102
124
11
145
254
202
165
229
157
30
221
21
182
117
253
199
218
86
148
179
155
183
122
59
235
40
135
136
20
223
60
152
251
22
2
71
39
57
26
192
231
140
203
47
243
29
174
146
54
227
105
83
66
173
95
78
24
79
8
154
222
41
220
49
28
195
109
