1534
2837
3666
2563
2924
3840
3094
823
2398
3443
3273
1549
1298
1368
389
3560
3090
3029
2904
2088
744
548
521
1536
932
3804
742
3789
3434
2388
120
2662
2813
512
3143
2164
3432
1030
2857
481
2106
519
351
1275
965
1993
3133
3573
2264
2789
1526
1674
3953
3224
3556
2522
365
685
1167
3619
1133
2267
2007
2313
194
3686
1811
1911
472
2247
2712
1458
3761
2248
357
3679
647
739
2978
2959
182
2374
93
2145
1360
2768
1018
2564
3566
1203
1401
3741
3590
421
3950
1555
2442
2308
860
628
186
2339
952
27
1260
1663
792
3460
3250
2951
2971
1254
1547
1923
693
277
247
761
1040
741
998
402
1990
1675
2972
1992
3239
207
1229
2711
2826
487
4024
2944
3593
992
991
639
3051
2906
2205
3825
1548
3327
3185
3534
2218
969
736
2304
515
1068
3104
3
3676
840
1054
496
2960
2739
916
565
3423
2492
2141
2551
3303
3764
2806
3507
2239
3063
409
854
256
542
1835
3026
2754
3930
4019
3575
3361
769
2352
2597
3229
3115
706
3779
3911
242
1770
1047
1453
3452
3202
598
2947
1539
1786
509
3656
2471
2823
858
538
1839
42
3524
2477
2245
3681
2903
2480
3292
411
1456
1600
1320
1858
3795
2559
2357
3543
1062
1404
471
3129
3160
3606
3749
2458
3476
3364
3379
2138
465
3905
2034
2575
2296
3194
3035
534
2519
2914
3441
3956
2092
1446
3208
1146
2348
3620
3853
140
3591
3810
2059
2794
418
536
3773
1029
1075
1778
197
187
887
1034
3006
1037
3290
284
3165
1486
3070
2520
2200
3119
1445
898
2368
1753
1635
2351
3519
3105
564
2926
1505
1660
4039
3167
1280
1439
809
3703
453
114
2827
3156
3002
427
2155
1417
2704
1262
1170
2337
3592
3005
575
3641
2738
34
1198
3017
3708
3204
1449
2569
103
2999
3716
3191
657
3685
1292
3380
3809
3313
1621
3518
2386
1672
2497
1224
3901
3866
3939
745
183
3899
3456
2907
3870
790
2395
2955
1544
2474
3514
3626
941
2506
2525
1061
1720
908
1012
3382
2462
2674
900
3337
3473
344
4089
1466
1512
2804
3095
3259
1846
2099
1300
688
691
2197
3342
426
1714
3547
2003
3037
1634
942
2935
3170
108
608
2515
3425
241
3325
800
1977
1894
3120
473
3614
2144
2650
214
445
1527
977
2004
2758
231
1036
3694
2030
3740
2214
3140
3039
59
599
3785
1244
2332
135
25
132
3242
3980
1055
147
912
3306
2939
2249
682
347
1010
54
77
3431
2301
1581
1623
3501
1352
1746
2252
879
1573
1005
1049
3096
3948
3479
2450
1825
1205
3854
1301
2717
3731
1043
3771
4029
324
2547
3739
3599
582
3628
2055
2663
2800
2549
1575
1186
3083
3196
2699
2796
2416
3269
3149
2852
1387
3047
2862
2898
766
3797
126
397
1999
3152
300
1159
1655
1095
592
3357
1842
3200
2820
546
1025
532
3296
1671
160
2766
1172
1867
3787
3368
3624
51
827
2178
1120
1299
3092
2165
2390
2982
3878
3310
1826
1579
1076
32
950
3277
3069
1689
3424
2025
2484
2072
1841
2461
3271
1123
235
2743
1696
803
2668
2391
1373
198
3341
2544
1063
2589
1659
796
2777
3745
2303
3366
1107
3927
2100
1178
3173
1966
895
1893
684
1457
2616
435
3882
3267
2912
3702
4077
1531
841
1381
3147
1196
907
2238
3786
3457
626
2262
396
229
3906
2952
3833
1412
1870
3680
2888
1749
2501
567
2682
97
886
477
1701
2884
683
3522
1106
2089
96
3128
1589
1649
3670
2488
3589
3796
208
2688
420
566
2443
1329
3055
3378
2798
3949
158
2027
1288
1162
3909
2554
1411
2221
2399
2283
3190
192
121
611
1496
1468
1729
128
1788
1807
2808
550
438
1265
3216
3258
2236
2676
4082
1238
1255
2728
505
3646
3858
2153
1995
1433
491
2669
2953
1039
2321
1773
2571
3884
4003
516
3693
1426
3963
1840
774
1286
2454
738
4016
2968
2325
1890
66
2749
3482
1774
997
949
3360
2063
1406
1956
1955
713
2042
2
2848
3750
2626
1304
1209
3689
3640
751
865
1243
1113
3164
3397
1989
363
115
3752
1822
3007
1891
2210
3158
3769
2486
3868
1702
677
356
4048
1279
3798
1386
822
776
1755
404
635
492
1197
3538
625
764
1111
2607
3395
80
876
3705
3142
2776
2494
3667
2896
528
3058
1048
2032
3496
2159
3687
651
3396
1309
1916
2722
631
2038
2472
2567
3910
3262
3938
3172
804
2054
824
2320
1058
794
1710
269
1679
918
440
3814
1289
2169
4092
833
2483
1460
3972
1454
3579
469
1064
3381
3281
1482
3184
1967
2757
3309
200
1321
2039
3861
1013
3117
1101
820
2753
3942
2045
3601
2307
1914
433
39
2601
1297
1719
2841
3778
1389
2656
1950
974
2784
3919
2860
2233
697
2476
989
3990
3243
3454
3880
3712
3850
2500
2610
893
2220
501
2962
1463
3925
2609
964
3363
2586
2041
619
1185
1541
3428
3114
2548
2540
273
1218
3696
1540
4079
848
1202
3998
2412
3272
1718
2265
424
167
378
1372
3312
1939
2958
1941
923
610
3022
145
267
2579
400
1090
288
3677
2314
3527
3510
2292
914
3370
2772
3477
1390
3835
1808
2653
2882
1071
710
1207
3748
3595
2360
3321
1072
1467
1726
3014
342
1181
502
1362
882
1016
2378
3487
355
71
1011
3106
1124
2346
3409
2710
1155
3530
3988
1625
406
4059
2437
4069
1489
3392
850
2133
1551
136
3387
3078
1583
3372
3123
193
2419
3453
3565
1367
537
4091
851
2114
1311
3436
1667
2997
1121
3879
3612
627
2677
1756
1829
1910
2299
638
2874
3107
1480
18
2372
976
2230
2057
2049
825
3362
302
2071
2693
2156
236
373
2122
3162
1330
2068
2078
1353
3820
3219
470
2152
1924
3113
2698
3169
2403
2002
1768
1974
81
45
3369
3585
1190
4076
3280
2478
2468
78
1348
3863
2767
3426
1651
2060
225
3758
4070
1501
137
544
2354
3440
2651
1609
3414
2234
3385
407
1187
3913
16
572
1927
1735
3763
2561
1222
3003
2849
3984
3713
802
789
2160
3604
3252
432
2963
3633
2940
2815
3010
28
392
3688
134
205
3874
3293
2140
670
2201
1044
141
2278
2451
388
3021
1616
775
867
3671
1706
649
315
4023
3349
1182
2271
2382
729
490
1378
3720
3722
1100
286
712
1848
458
2012
482
100
251
3505
1861
671
1606
3559
2215
1830
1648
2516
3198
3248
4037
3151
1308
3528
3411
3214
467
3615
763
2052
2393
2440
449
3959
3526
2799
2877
1572
1869
1351
3805
4006
117
3348
503
3584
1420
3493
3475
1481
1033
4093
1889
2946
2457
2709
3831
3922
607
49
2222
3947
1134
3223
1733
762
648
2047
1296
2280
52
2134
3289
773
990
206
3929
210
2990
3836
3652
654
3932
3834
1259
1038
797
3887
2176
1041
3594
2664
2555
374
939
1256
587
3497
4071
3700
285
2328
1473
518
1879
3013
1247
3531
915
816
1678
2206
1098
1138
62
2290
1863
1552
350
1157
1183
129
2126
2727
1884
3474
1323
856
31
2718
2350
1415
633
2431
3537
996
3074
2277
3328
3774
3331
1503
2740
3355
1752
3226
1883
4027
3904
2725
2058
868
658
2082
3028
1962
2661
2035
562
2938
1834
988
3249
975
2670
3237
1118
151
1837
1644
2975
925
3618
726
1020
3478
593
58
1057
2993
1682
1559
3564
1776
265
2637
3961
3490
1035
2934
752
2460
442
217
1126
3660
3019
1271
3036
1399
3541
2631
2456
3611
1629
3960
2183
4046
1006
2683
1241
3407
1690
2558
122
903
891
2592
1326
3178
1932
4021
190
3864
1647
987
2765
855
1630
2269
3675
1510
1363
1139
2306
3430
326
1418
2422
662
2064
2562
1673
157
2828
2572
1215
1564
3137
1716
317
2630
2974
336
3762
3826
2556
4051
244
1677
2733
2621
963
2219
3958
2909
3657
1263
340
2026
2509
1102
3041
124
2482
979
3523
2998
2705
849
3101
935
2243
579
3217
4030
3609
2137
2192
1624
2835
1014
2512
2018
257
663
1980
1432
3220
3634
3506
2260
439
4010
3085
3031
3399
1161
1560
202
3983
292
668
2469
2481
3673
1973
3032
3893
2873
3319
3345
2448
2552
3492
1345
1442
3561
14
3969
3539
1908
1081
1488
215
2535
3367
555
20
1269
2179
144
2167
2925
2285
1099
913
4080
2871
2333
577
322
1769
3658
696
540
1805
3776
813
3638
1759
3886
3305
3754
2681
494
4057
1566
731
1892
493
810
3236
358
1137
1688
3517
1954
1565
834
2802
30
3469
872
771
3230
3350
2858
1517
2851
1828
1940
1532
1230
2084
2731
459
1577
330
4045
2223
3111
2430
3662
3812
2624
1817
3637
1818
732
3326
2485
1174
2433
966
1475
3491
1764
3819
2513
3548
1654
2376
1180
2389
1744
806
2737
2341
2879
4028
3968
2713
495
3394
981
275
294
454
2810
1370
1684
859
3994
1591
2255
3823
88
1813
3964
520
327
3050
3555
3251
434
1602
3791
3410
1082
2846
559
3163
853
2345
1248
1782
585
1599
770
1245
1070
2703
864
3596
1519
3907
661
3232
2869
109
911
3042
3211
2917
1588
1019
4078
2132
1354
2824
1561
3600
2613
3697
304
234
2272
3992
1793
3643
3176
1844
3896
1921
3934
2969
2576
606
3088
999
3729
1491
1274
3525
3343
2983
1310
2594
3816
818
1152
2878
1408
2237
2604
934
719
2895
2872
3842
1728
1383
2196
2847
3108
2881
3728
227
560
3228
3442
1862
910
3215
801
3098
3285
955
1283
1073
708
2367
894
188
222
1419
1251
3908
1022
2369
1530
2048
3207
1748
2009
104
3048
3661
1258
3563
3653
281
4026
614
2329
283
1607
489
2142
2920
1976
195
2856
2402
246
2623
3213
2095
436
3135
1343
3225
926
1361
2180
2115
620
1117
3916
1500
1578
1874
3012
945
1820
2538
1088
2612
2347
919
826
2642
1695
1393
2175
2244
1587
3177
3138
1750
737
3124
1400
1287
3765
1801
2686
4004
293
3153
1903
53
41
871
2919
2680
486
1734
2527
4011
224
3187
760
3616
2708
2130
2658
707
1388
3166
2984
3295
680
2015
185
105
3733
3975
43
3075
1000
3244
232
1584
3322
2844
3011
3829
1416
1978
1065
1640
3649
3613
3920
667
644
2933
3996
24
3551
3155
2097
1021
2875
417
3768
3759
971
3955
1382
3521
2266
2805
1852
1926
3076
1042
3197
636
3710
3311
1239
1212
1104
530
2620
3808
1295
3238
83
3552
1428
3317
1975
650
1231
3134
4035
1026
1237
2861
3077
1620
2795
3940
1779
2577
56
2380
3186
1762
2073
484
1984
786
2491
2123
714
2187
618
268
917
2228
1176
1108
3781
1303
759
584
3100
1983
2404
681
1740
3373
2385
1001
705
366
1045
72
110
3847
2659
2177
3978
2498
118
1824
3794
3046
1060
675
3061
3574
1421
3721
4060
1945
3698
191
3982
3760
408
1349
3071
1425
1777
1405
1112
4015
3486
3004
1143
4065
892
603
2116
2537
1699
1708
176
2762
89
341
3299
889
1886
2817
299
652
3347
1116
3732
3967
778
2639
1080
890
978
839
2666
2883
1110
1585
270
3957
535
3663
973
2679
1987
2261
1451
2420
2181
3856
3419
2603
1114
3570
2832
3827
3753
799
2453
2028
1938
2463
1970
1430
746
3706
1918
3297
877
321
250
3627
1794
2427
2507
2336
2324
3965
1141
2510
2941
2977
70
1542
349
3332
3871
3635
2193
831
3550
1506
678
3203
1223
3015
3375
781
1294
2083
4061
1853
2599
3610
3859
1293
2764
376
2190
260
75
798
2135
2876
2966
3080
2411
819
2528
2231
3683
3201
40
3837
3892
2606
266
377
280
2885
3872
3045
383
2475
2831
252
2182
172
448
76
2066
2588
3057
2566
64
1338
3508
1982
4072
1128
2499
1204
343
3210
1717
2517
561
1947
862
1171
2922
7
3668
177
3973
928
3966
2224
1485
3024
3608
782
1339
1483
2161
369
943
1341
1127
3931
3401
590
1851
960
1359
1465
3945
3824
2911
1697
1878
3059
1156
838
2286
2692
2521
2006
3087
311
4096
3335
2675
2109
3266
3855
3869
3320
175
1130
334
3734
2184
3659
4041
2854
213
455
395
1194
1495
1896
337
1315
2890
2235
2086
2770
282
3132
2811
1319
689
4095
47
2779
2335
3725
4020
931
1597
1582
3744
1845
3684
3171
2694
808
468
1944
1626
1912
450
2657
203
920
870
2418
2581
1356
660
166
1096
4040
3001
2930
2276
1513
526
2605
3255
116
133
2087
1086
1865
3923
1724
880
3116
1680
1277
3358
3384
1906
2327
316
747
170
1833
2864
1760
1272
1669
3894
3033
4067
3182
2673
3110
1227
2981
3498
2479
3284
3067
9
556
259
2868
1571
869
1166
1557
1236
2091
4
1596
6
2139
1149
3383
1201
2634
1931
4034
1147
3386
2809
1972
3699
2545
447
2147
646
2514
2785
3318
2782
2608
2128
2447
1705
237
2891
1067
4047
1642
1686
1333
476
152
22
1632
2143
717
2188
711
480
1761
3390
554
1742
2687
2886
4062
1431
230
2317
602
2203
2413
3412
2044
2845
874
1193
3043
571
2667
3993
263
3068
902
303
3598
1783
2778
1478
2229
3421
2315
604
4002
2505
1188
2691
1160
1307
755
2752
3707
2287
3356
1942
2816
1009
2732
403
897
3875
730
3946
2638
1670
1909
272
320
4000
3727
328
2040
297
655
3449
2191
1662
1192
1650
513
3711
1533
1285
2408
4033
2075
578
3315
2652
1713
2928
1612
2593
1459
2775
1641
1881
1800
3359
933
2186
1819
640
583
1032
1051
3054
1905
131
1802
927
1402
3553
2534
1509
753
2557
3150
2334
1725
1514
3578
339
178
936
721
2503
1919
580
3234
2531
3807
3636
3915
346
642
1093
3301
2289
1897
2104
204
1698
19
3472
3682
3122
3302
1570
35
307
1434
2646
3772
446
3336
3450
2495
291
296
807
2788
2596
2957
412
510
899
3298
3602
1876
189
67
2685
1097
3329
3174
1622
1594
3346
1864
1929
2550
1604
1603
3064
676
2129
3145
3218
2051
985
1772
2254
3937
1284
2635
1959
3651
1322
3504
1860
3924
1574
2113
2942
2281
692
1563
1346
498
4055
3000
2622
3168
901
2098
2696
3974
1738
3065
2716
1520
2387
1148
2455
2937
1151
1952
3735
2595
1703
243
723
576
1115
3044
3607
1470
2518
2102
2648
2760
944
1784
2678
3079
3985
3467
2807
2916
1232
1747
79
4090
2786
419
3352
1619
253
2918
3770
3928
2446
216
1410
1872
2295
788
983
1477
2660
466
3793
525
73
1335
139
702
2174
2701
2570
2819
844
1904
3278
361
4009
3821
4001
1693
3943
3365
837
1871
1898
3374
2344
1246
1568
929
1007
2080
1324
1476
3199
2438
1053
367
3052
149
1340
3917
2780
1249
785
3288
1704
2812
2583
3846
1216
2880
1440
2127
1618
3554
3344
2546
3488
3813
3999
290
1960
2467
3437
3755
2246
3131
1235
2154
2405
570
2866
3233
1066
2923
873
3427
2574
2394
514
581
2429
1580
2774
1683
1282
2013
2279
171
13
3389
2818
3023
2364
1074
664
1337
2988
3403
332
2316
2793
563
3146
1569
1318
1385
2005
1721
3513
2293
1221
2702
2908
1920
2996
1613
2744
181
3801
1745
2146
3413
2284
3283
1866
3571
2897
4038
2365
3073
264
385
218
1643
1723
959
3206
3027
428
416
1328
423
2790
3333
271
2077
1631
508
3448
3393
3247
3512
1771
2107
2655
3406
3898
3270
3308
3179
2526
1543
1479
3030
3742
228
924
527
3540
1240
1173
3655
499
1122
2829
258
162
2745
1220
488
3844
1327
2250
718
3494
55
1608
3025
1502
184
1668
3102
1946
3902
1069
384
2288
142
3157
2424
843
3766
2843
857
2750
2061
1943
2647
1515
805
2085
1971
368
1273
3783
1873
2970
2991
3918
3799
3630
2202
3625
422
2502
3038
615
2496
1219
3515
756
2927
2936
1135
352
159
1023
1657
1628
3862
3941
164
94
478
2833
338
3066
386
845
196
3977
2628
479
1395
2432
641
1027
2755
3020
2511
1550
1816
381
3581
44
279
1996
2714
287
4066
4087
460
2707
812
112
2241
2932
444
3316
3857
2081
1537
2356
3257
2211
2384
3484
3282
1376
754
2644
1191
1438
679
930
1652
2834
3665
1357
3532
3495
621
323
3144
1177
1922
2741
1787
3500
1666
2050
2017
524
637
2910
2905
2582
2976
3118
248
2763
3912
2014
623
1997
1092
3690
750
2001
3330
811
829
2889
2331
4084
86
2787
1131
3535
274
1384
2371
1757
1567
2227
1694
821
1731
2355
1490
2291
2101
3334
399
2870
3294
2901
2366
57
3377
23
3986
2111
1902
2204
1447
3245
3639
875
1242
2532
3159
3832
1888
180
462
155
2434
3433
1646
1556
298
1094
3351
3544
1915
3254
905
2173
725
3792
2452
1791
2929
3989
2614
2967
1610
2305
517
1754
1664
348
2994
1781
3830
4018
3582
245
1850
102
3388
1306
1715
3112
1008
984
616
3806
3287
1821
3557
3976
1314
364
1145
1538
4005
2342
3323
2208
3509
2838
4013
2961
3822
601
4083
394
1079
2069
1901
2326
2867
3471
360
1900
1856
698
2256
2921
783
3775
3480
3674
2649
2894
1965
758
699
2439
1211
3455
1392
2508
201
2217
12
1558
921
728
884
2751
591
3049
371
3603
653
3648
2915
2362
2769
3724
2053
1751
1633
1257
1854
464
569
2590
1847
885
522
3429
1546
1758
793
1461
3843
451
690
1266
233
1437
1711
2797
2383
3398
3714
2076
2618
733
2375
1795
1119
3800
791
2150
1366
2022
1050
1150
613
174
1364
1522
3788
36
795
672
3447
3621
3529
314
2251
2358
3695
552
3402
1528
2330
1213
2665
2338
3784
2157
1365
3353
3314
674
2349
2294
1934
3542
3944
2943
2070
3730
1403
3466
1398
2985
1545
2489
443
3458
3885
4007
4025
624
1895
573
1831
2023
2090
1250
2225
2523
111
2850
48
2195
1450
1184
772
3195
767
2117
3719
861
2343
226
2216
463
2428
379
2632
982
3802
456
2242
2490
1998
1497
940
179
3568
1518
310
1374
1226
3588
2449
2400
3811
2172
2761
3103
3008
3841
1125
1462
2036
3417
2791
1350
2118
2536
722
107
370
3757
2062
254
970
3617
2414
3499
211
993
3622
1189
1158
1615
3672
1810
2553
2119
3465
1859
3951
223
3099
1281
659
161
1355
814
1358
3221
1691
3849
3276
3081
1653
2406
3009
3376
529
3654
1645
4086
2902
666
2445
4056
1985
1499
1024
2735
3970
3715
2096
715
1234
1397
2401
3212
3209
3125
3235
2282
3240
1179
1799
3623
362
413
1059
3256
1638
701
4064
2542
168
3148
1780
2987
2715
1727
276
558
1252
3709
3193
3126
3516
1267
541
398
1253
3921
3034
3446
2170
549
3981
3459
2379
3935
2417
2158
1877
312
3647
765
1435
1492
1899
2560
3845
1427
3726
665
3888
3860
354
2602
1907
3743
847
2240
2689
1933
3093
431
3089
11
3097
2441
1796
986
1803
391
656
437
2913
3569
3422
2640
2573
2166
1639
4022
2619
1595
2973
37
1056
3536
3286
2992
2625
1084
2125
3468
586
2298
1658
2539
595
3180
3605
2980
994
3718
2706
2529
1592
740
2370
1936
101
3502
3253
1377
3016
3890
2465
2584
2783
1464
3400
4074
2746
2821
3817
938
4052
3404
504
240
3307
3533
1913
305
4088
2759
4085
1789
2493
1523
3227
2274
380
333
551
2213
2093
1103
3723
967
209
3420
1371
1521
2459
1880
553
3546
319
2108
1332
645
1474
106
3060
2615
301
359
3481
1210
2396
962
883
3141
125
2627
1396
1455
1722
3995
946
3815
15
1264
2397
1968
2124
3650
2950
3072
1313
219
1317
26
1046
1206
1529
842
1958
1472
3587
3136
5
2171
3338
65
3324
85
1797
1504
878
3883
2340
1290
1948
2533
2771
2814
3664
2008
2931
3586
3489
3263
1494
2863
2587
2695
2859
2840
2893
629
1140
2309
3895
2723
1325
2568
1737
3154
2016
2074
787
1331
1105
2899
2900
68
3246
1687
3086
1004
3205
313
3736
1809
1957
3300
1002
452
3175
410
2037
1743
2121
345
3405
1823
543
372
1089
262
724
2257
734
1676
1423
1562
4094
588
2033
888
1214
3127
325
617
2504
1153
1391
511
896
1270
165
2426
61
309
779
2198
90
2964
1394
3704
600
3701
3746
3274
1413
2275
1175
2415
3933
594
3130
146
720
3767
3737
335
531
1452
2948
1003
2185
8
3645
757
4050
4075
832
1334
390
2736
3577
29
669
2887
2470
1208
2803
3463
46
3991
545
1407
3161
1736
63
1661
1849
3183
148
1511
3839
1951
3914
1836
69
3339
2842
3790
2995
1763
3354
2853
2056
568
2322
2323
2989
1347
2949
119
3631
1827
91
2945
4031
3597
3304
2373
2729
1806
1163
777
4081
951
2855
2151
3391
2466
2643
700
4036
2232
2825
50
3040
1732
852
1681
150
1507
143
4053
1636
82
1017
3260
1077
1278
2865
1091
1857
4058
414
1144
2079
1261
2268
331
430
995
828
2724
2162
3629
169
3018
1225
673
1665
429
1812
784
1991
694
3751
1832
2629
3268
1981
909
1969
461
2300
1875
2524
3408
2361
1083
743
2956
1627
441
1855
2986
1524
2822
1887
3562
2297
2565
1493
2029
2585
3838
2253
3865
2464
1930
1700
1031
3851
3926
2105
3082
138
709
156
113
1937
2965
1994
1601
99
329
2954
2641
3952
3053
10
84
1305
596
2748
475
2892
506
2781
1590
2541
261
2742
735
1199
3483
632
3485
2031
3503
2617
1424
835
3803
1516
2436
2021
74
2580
4068
961
415
748
2209
3189
3897
425
1766
3962
2425
1276
980
3511
3848
3782
92
1369
1576
1052
387
3188
1882
2149
1792
173
3936
1963
881
1707
2836
2207
2226
780
3979
956
1087
1917
3881
3062
163
609
3279
3873
2407
906
2421
1344
405
3462
3780
1928
1614
2000
1409
1164
3371
1200
3900
278
1443
846
238
2310
3438
507
4017
3852
533
3876
3889
1469
3415
457
474
2359
612
2363
2318
1228
3583
1637
2690
220
3445
2756
4043
3818
4012
3451
3777
2043
3291
1291
634
2600
686
500
2163
2110
221
1656
3416
815
863
95
2726
2258
3340
3545
2136
3418
3265
3642
2019
1429
401
1316
2409
1925
3275
1692
2377
1085
38
1730
3444
937
2734
1885
4049
17
2302
948
866
3691
1136
1593
308
60
1953
2020
2212
318
557
1935
1838
1015
3181
1441
2839
1498
3091
1414
1767
1312
687
2684
2065
353
749
958
3867
1380
2131
4032
3756
98
1775
2120
3678
154
2259
817
127
153
3241
1302
3084
123
2024
3954
212
2671
1709
1268
1217
2830
2487
2645
2311
704
2011
2730
2719
1109
1525
643
3192
1422
3580
1798
1154
1598
1553
4073
2273
3567
1685
3669
2578
2094
1979
1195
2381
1785
2591
295
1336
954
2773
249
3692
3632
2046
2598
2654
622
768
1586
947
1535
2194
695
485
3109
1169
199
2636
3891
3264
3439
2423
1233
1617
1868
3261
830
3139
3470
2103
1739
33
2010
4042
1949
2189
3576
1129
2720
1815
2263
1804
727
968
3461
2801
483
1484
2444
4063
1342
1611
3747
1712
4044
1471
306
1765
2353
255
375
3903
2672
523
2530
3549
2543
703
1961
1988
3056
953
2721
716
2392
1436
1605
1508
497
3717
239
547
130
1028
2148
2312
3971
3558
2199
2473
4008
2979
597
87
589
1142
289
3231
2435
1
393
2410
957
3121
4014
3464
3738
2112
1986
1964
1444
1165
1790
2270
3435
1741
3572
3520
3877
2168
539
2633
2319
1554
1843
1168
1132
922
605
382
904
2697
21
1814
2747
1375
3644
2792
1379
4054
3987
3222
574
972
836
1487
3828
1448
2611
2067
1078
3997
2700
630
