141
350
86
422
19
37
328
356
116
29
249
12
259
465
117
189
382
347
108
73
416
431
292
194
81
512
188
374
270
392
228
146
355
186
286
480
429
436
157
34
507
242
47
372
473
253
167
171
349
103
71
159
254
213
135
471
411
201
45
466
185
42
308
209
200
107
152
5
83
199
191
125
497
90
490
325
341
10
165
425
333
230
15
205
306
244
363
376
105
255
27
348
280
94
398
486
142
489
161
281
160
287
406
193
385
433
75
240
66
212
262
16
485
70
499
295
261
272
196
291
276
410
127
130
36
439
323
368
342
297
198
403
144
154
346
49
221
162
491
138
505
238
443
452
365
501
307
371
65
46
184
353
260
247
182
241
28
427
102
95
294
218
143
21
332
379
9
419
197
509
250
414
504
326
278
337
283
305
233
60
62
155
428
277
421
483
187
373
226
98
77
475
128
467
388
220
43
82
314
329
140
156
25
175
190
343
478
61
237
41
273
430
369
38
364
462
345
122
236
91
266
211
234
24
282
275
370
492
97
147
468
243
412
309
126
438
395
366
85
131
477
391
394
327
404
195
89
120
330
451
396
217
151
339
303
360
252
4
352
248
119
459
179
111
50
265
92
133
284
215
76
93
78
321
136
375
288
181
222
476
176
148
424
84
470
413
481
100
149
458
384
115
423
63
441
239
299
362
139
361
14
232
177
440
109
464
381
320
488
30
418
256
401
48
101
99
174
56
26
269
68
57
487
54
493
336
340
158
22
72
251
460
79
207
69
469
310
456
268
437
3
448
432
44
400
227
378
354
263
180
402
17
506
129
204
124
235
153
219
318
59
495
31
246
426
183
482
380
1
503
23
298
502
58
20
150
224
216
290
225
223
245
302
434
231
2
496
178
229
52
312
494
35
322
202
289
192
387
67
508
313
169
367
285
293
296
206
88
267
304
274
112
170
500
351
435
450
8
415
6
118
32
498
164
359
11
173
315
331
113
511
13
383
324
335
271
455
166
445
453
408
279
210
390
172
454
137
7
442
417
214
389
409
51
114
87
33
96
316
311
461
386
420
53
510
301
145
338
64
407
163
399
257
39
357
377
134
80
393
55
110
123
74
344
104
121
447
258
463
444
40
106
168
484
397
449
472
446
474
405
319
457
358
264
300
479
18
203
208
317
132
334
