5245
7393
1791
4984
3775
5501
4885
1190
1089
5294
6874
5563
4771
5727
6725
2639
1958
4349
7374
7231
6306
862
1969
8110
2080
6650
7585
1915
7273
7005
8146
6704
4654
42
3268
3001
724
4220
1536
964
1466
4325
5018
5708
4274
5336
6609
6199
2872
4577
7551
290
5560
6675
3986
7059
3118
1057
5591
1248
427
7234
3446
7937
1638
7150
6798
2084
1097
5994
1084
4971
2579
4326
5238
6694
6638
7755
3871
6175
3616
5792
2567
6166
1987
8079
2617
341
7574
4085
2140
527
5474
1060
6190
2325
2181
552
2206
4981
2392
52
8032
1191
565
853
6906
6375
6744
7521
1770
5380
3194
106
5750
6505
6326
2727
1600
4181
1185
967
8082
8047
6096
6422
1778
7288
6707
8151
3078
2185
5587
6062
6015
6821
134
6238
6063
7858
1669
548
6572
2978
4473
6332
5922
5665
4
7904
4029
3380
714
1852
1016
6185
6183
6734
1042
6547
7239
796
1964
8098
2688
5049
6230
8093
7185
2412
4214
6649
4995
7365
2319
4322
3642
6269
4863
223
4803
1398
2127
2510
3187
4210
7260
754
4193
7729
2668
1045
5111
7799
2700
366
6952
1553
6065
2918
1051
6941
1909
4627
560
8027
7012
818
4997
2546
7672
721
3079
959
7342
4446
5601
5016
337
1307
6802
5578
7509
7331
5611
5116
1142
636
3840
878
2575
6602
3589
3475
908
53
1738
5645
5095
7308
6344
1803
2752
7568
5786
4284
986
559
4532
4926
7535
861
5206
5677
6346
599
2248
4752
2100
293
1949
199
1482
1333
6829
5927
301
2553
3405
7265
6559
7162
4510
6770
3599
5952
2645
2838
2012
6681
5671
2709
4222
220
1297
4396
3973
2949
1141
5603
7795
3476
5649
5719
4301
968
6652
7609
2973
6803
5396
5285
820
4725
2629
7865
765
5263
1920
6338
1038
5300
7713
3141
4452
1325
3462
3908
7883
3319
2271
152
2807
6216
7398
5541
345
4653
928
3887
5023
2769
3007
5477
7752
183
2895
2853
982
2029
6155
4430
848
3886
5612
7271
6261
347
7617
3743
6314
6471
7649
7945
2298
6954
2787
3374
4623
314
1812
3440
3582
5594
4413
7270
1349
6097
1518
1584
2701
7170
792
7387
3334
6648
6796
2259
5418
845
6811
5660
2908
5273
3686
605
5450
7297
6527
2763
7253
3624
762
4356
7140
6343
3779
5421
253
6430
5584
4719
4178
2293
4738
5565
1854
7127
3115
1368
6935
974
6516
3012
1039
7559
2666
6420
4884
3730
7423
1972
5567
2050
963
5004
7251
5392
4662
3957
7506
21
4381
2907
7473
6469
6018
6623
3291
2520
7245
2649
7620
6989
7097
7383
3628
7736
4125
749
1606
4167
4617
5073
4816
6985
1675
6237
5904
7476
7487
3408
3953
3455
8011
7298
2636
3653
1650
2438
6347
3068
5178
5714
7741
4549
3768
6225
7687
6917
2558
7709
1410
3733
2161
3053
7702
7982
6939
6067
1906
1465
3502
2848
5892
4616
507
1012
7686
8173
4815
4228
429
7656
4142
5743
1911
3469
3729
921
2805
104
3857
2177
3130
3182
4062
8010
6975
2
6953
2766
8144
4130
2920
1941
2926
2761
4065
2306
1755
2088
359
5630
3802
8061
7243
1262
4706
5529
1494
6171
5999
1986
6116
6032
5964
2350
1275
6856
2219
1093
7102
2816
4607
2571
2561
7844
2494
3377
755
1477
3766
5149
6201
4266
338
6848
2121
4828
6728
6161
5801
6334
4281
1370
6476
1138
7786
6410
4459
5607
5797
3984
5326
763
3125
1317
243
2242
3671
4124
2411
404
6822
4838
7314
4098
2545
838
1651
4323
4300
5032
1504
5933
6440
7893
373
2198
1979
2846
1569
7179
4711
1312
7278
1406
83
84
3123
1444
7808
5199
5737
3020
4561
2716
49
6087
4145
7414
6081
4914
5640
7930
827
615
2458
4082
165
6708
4360
3735
5634
7310
5916
6769
5439
2397
5678
5274
6544
3769
2322
6919
4708
6842
157
5425
4740
6222
4104
7220
5954
464
579
3383
1661
7056
65
7842
7352
2156
3660
7694
770
5746
1245
3968
4908
4297
7660
1644
2498
4785
469
233
1032
447
5287
4572
6296
5168
3667
1819
5690
7089
402
1771
667
4553
3833
4175
3982
6278
20
4176
1695
8119
5986
654
2476
788
6479
1111
3699
6561
4835
4217
2962
7319
2396
924
1857
7554
3051
1783
5370
4896
1730
7015
7763
1274
2976
2352
3758
1415
1899
1308
8184
2468
6187
6140
6134
1557
3956
4813
3738
2598
3060
1061
7591
691
275
2160
3066
1461
555
4404
5673
7628
2947
6752
4221
2018
4367
6996
2754
108
7354
326
6983
6246
5599
4872
7803
5107
2719
3872
7221
4906
85
2192
7373
6883
984
5010
1463
4375
6206
6872
1419
5445
5417
8045
4875
4312
33
4931
6164
3807
6886
4187
7370
3061
3273
6660
3963
5582
7772
1499
6444
1914
3131
4311
2360
577
7272
8000
2875
5751
4669
6207
4134
2946
4977
2574
731
931
1802
5848
4296
6579
8090
3649
1257
4685
7175
2354
2790
3537
4917
7181
1408
4508
4051
6751
6367
4440
7389
4714
686
2334
4790
4359
6583
8001
5180
4003
2878
4345
1588
6837
2967
2740
8139
6938
2211
3172
5220
7665
865
5854
2437
162
5276
6244
4492
6393
2497
218
7254
2180
990
4126
5812
3378
1286
3165
6021
5687
5105
7543
7839
6179
4892
7928
7800
7570
4588
4105
7765
7608
2590
7113
2686
4639
2986
1586
524
7996
5504
1058
405
6174
4168
7885
5413
3748
7648
7077
5510
2738
7111
4392
6071
7679
5534
6468
2777
7500
3556
2622
1848
5811
557
1601
5307
5471
2897
268
3484
1413
3004
1063
4895
3800
4987
4622
2704
4702
5383
1115
2542
3452
2217
1856
923
4502
7067
7758
77
4788
3697
6279
1412
805
7491
7465
3854
7586
5041
5593
3186
2822
5063
3435
3573
2002
6477
3041
7940
339
7340
6503
7973
2275
6124
1414
2456
2459
1179
624
2035
5430
5536
3692
445
2758
1383
7151
7984
7822
3163
1515
4944
97
1570
1726
7475
7202
7426
5154
1895
5025
6474
6764
4313
536
4830
153
1354
4043
1541
4608
237
3804
5518
2074
435
6194
5038
8178
5940
3867
6301
2646
5096
7671
7413
2076
3726
6703
7024
1837
4484
2077
5118
8155
5191
2045
6918
1839
7081
641
4113
2057
7819
4517
6668
6897
5159
7320
1511
3555
6577
5652
6126
4001
2044
8036
2840
395
3593
3174
1123
5575
5528
1059
2867
5509
948
966
6612
3478
2399
8116
918
7642
3422
3447
4471
6178
475
5895
5942
899
2592
137
7214
2749
3425
271
7889
6549
54
2014
4905
5502
1364
993
7131
4021
6827
7801
171
4827
6669
7396
1658
473
3678
4520
2862
2596
490
4240
3710
6243
4598
4535
6658
4328
4180
6590
3843
1828
2489
4063
417
5115
6656
3090
5192
6909
9
8143
3536
4257
960
1282
3370
1149
2698
1700
5255
7302
3234
6397
4960
4743
2557
5328
7361
5485
2989
3313
4143
483
6354
378
1603
4131
4201
3308
887
7404
597
4073
2690
4056
3202
6537
6904
1193
5427
2751
5120
3553
3190
7283
4267
7144
4002
6284
7653
5846
6020
3796
3523
5275
1859
3520
5653
6100
1219
4344
3542
6712
5284
7895
7199
7166
3450
3382
4810
6203
6030
7482
1187
5741
619
5756
7447
1995
7238
1878
8040
348
2042
4443
365
304
2653
4578
5221
6445
7846
1159
2637
6566
4962
135
6120
6481
4409
6424
7603
7156
8017
7068
4871
6820
3592
909
4075
2952
3116
5322
5820
8018
7323
6865
1838
7046
5304
6483
4031
4080
2714
6429
7490
4680
5532
1953
6382
6092
7494
4645
5760
342
7481
5997
3013
5277
1533
5351
6962
408
1095
5224
2756
2953
68
130
105
6038
2707
8064
4911
7377
7455
6501
4303
1277
26
933
1217
3618
5598
1532
3909
287
1244
1231
2733
2771
5790
1113
5237
1612
3398
5755
6824
4630
4933
4541
2612
7154
3331
4504
4512
2744
544
4243
1017
6813
767
2165
1183
7103
3912
6447
7419
1821
7544
246
2240
7405
6731
3569
7742
1280
2280
2960
1980
1291
1076
6944
8053
5318
1230
5968
2844
7737
1851
6011
28
4139
7990
2094
6998
5911
3017
6267
2509
4129
3842
743
6788
629
5557
8069
7796
2288
7701
7529
801
1975
634
2573
4505
120
6807
5408
2000
4986
1800
3509
331
3543
4983
5166
2342
1713
1405
43
2532
6202
1121
95
1087
6436
7662
3682
2526
2403
2473
3306
1538
5821
6726
3400
7431
5980
2444
2107
3823
4245
546
2759
7946
2279
484
4241
6603
4667
1903
4271
2625
5961
4200
6435
4088
5190
5015
3614
4276
3740
6213
531
4692
4272
2581
1688
940
884
8015
5174
3648
4444
2944
7864
6982
2533
3404
1818
1597
1921
3359
5554
5109
1825
8158
6320
7848
2689
5441
8022
6268
397
6683
477
7708
1845
3691
7304
1356
6627
4812
5679
609
7019
1815
1497
5568
501
3305
6979
6574
4028
2148
1375
4383
2515
1576
2130
392
4377
2941
1475
7874
4363
3826
2792
6621
6639
4537
4067
3803
6513
3457
3427
8154
6923
4990
298
4631
5014
7338
7106
6396
2674
2069
5853
7366
4114
7355
2568
3062
2799
4373
3300
647
7408
7485
6105
2739
3176
1657
7597
7174
6622
7021
146
2815
1136
8023
66
7902
6426
2654
3303
1779
5419
8041
6499
7317
3761
6680
1930
5833
1289
6423
7668
7045
6411
4836
4138
4518
3481
7411
3096
4391
6077
4668
4238
3915
4152
4643
7443
3958
6766
5493
7122
6104
2318
6333
7014
3695
6845
7108
6490
7900
506
4600
7146
228
1381
2993
1478
693
2142
5939
1945
70
3781
2832
2231
729
1869
1053
4665
4268
5012
7632
126
7572
937
258
3074
4913
1164
7050
5684
6890
7869
2317
6176
5878
7546
4657
227
1073
6519
7247
6233
179
6209
927
7227
3357
3773
4854
7381
249
4379
6743
5983
3428
4594
7267
265
5915
7264
6809
2548
4288
7116
5187
6963
6330
6002
1203
5173
906
950
350
8039
7835
6966
4425
1379
7285
2628
840
2723
4156
4294
5218
1214
7066
2423
7232
3868
589
2090
2388
7619
7814
6911
4389
2767
5828
5244
6042
6283
6106
2101
5946
843
3935
5422
5867
1200
7791
418
8145
1392
1471
7854
6581
6142
7655
752
7588
6248
5785
3631
1212
1858
4480
6978
4394
7341
513
147
4454
8142
1460
1844
6488
1241
688
5447
4205
7593
1429
7792
503
3852
3617
2699
7798
1516
4039
2834
1544
6041
7747
6671
1148
333
2885
1486
3532
6556
889
1153
81
1145
826
1916
7417
6434
1683
7000
1671
3417
7080
1094
5051
1367
7547
180
3443
315
2386
2361
8108
4778
857
5222
3256
7884
7825
5583
6957
7217
1841
4840
207
2796
8130
4448
3550
1147
3272
143
7853
1130
7057
2215
3700
5009
273
7719
3111
7684
6862
2311
3228
3075
7291
7480
4380
5838
1258
3952
1449
6532
1806
5152
3534
1763
4048
6101
2310
8150
2190
1874
4362
6670
80
835
7216
8051
6195
4723
4930
37
7550
5805
2326
201
5299
2911
4374
3221
7472
5682
3976
7011
2328
3969
1340
5388
5759
1430
2344
8103
3825
5799
3608
7983
3057
7913
4859
584
2245
6951
7167
4474
3295
1156
8169
2059
3633
1085
6737
4014
2904
5215
6462
4596
7197
4688
5293
4666
6286
4264
7979
411
2721
5456
6271
5484
5306
5908
7532
5533
6467
45
6302
5043
1088
1319
6585
6606
3950
3526
2321
5122
5006
82
3841
4595
3905
4427
5513
703
663
189
3797
7084
1737
7843
2995
2037
1548
1409
1436
5917
4226
5537
3571
5201
6847
3242
3211
3495
7991
6291
1982
3410
3260
5315
6145
7312
1273
3388
846
617
4602
4882
1470
1382
541
6531
7891
6000
7031
4811
5198
745
4453
756
6715
5745
815
3312
5368
2277
30
7806
311
5636
6761
4324
6642
3721
4011
5282
726
7236
4057
2380
3551
5629
7645
2678
3112
3314
1993
6841
4773
7132
318
5094
730
6948
8140
1871
282
569
3839
169
3011
7207
6441
3674
3162
1861
7739
7931
4534
6688
489
1540
6019
4754
3716
6933
547
7211
5978
468
4007
7457
4831
3391
7818
167
4936
6772
5387
6713
7210
6592
3757
1694
6031
6433
1881
4339
1492
2956
2075
3942
3348
4485
6760
6560
6613
1931
4231
1753
6812
5211
1672
3209
1736
280
2711
5613
3328
6160
5067
2594
7262
2795
5586
6221
5269
1833
3910
2049
4081
3782
5464
7677
4069
4695
230
3572
748
628
6793
4117
5436
4724
7538
7136
5730
8024
2457
2857
3777
7082
6028
4718
6186
1681
312
6366
995
6586
3548
6608
149
4744
2439
6211
7119
7184
8159
2462
7669
4988
2442
368
2070
2072
3979
3205
6090
1196
2345
3647
6144
2773
5475
6212
5044
5292
499
4715
2522
2309
4482
8086
4361
4035
3636
5779
5733
5957
2212
1594
3566
156
18
6076
3736
4721
7952
6390
1431
46
3393
3365
3207
3336
6043
1868
1624
4533
3676
3392
7268
5139
6403
6526
3568
1290
4179
7894
6587
1215
2343
3922
3529
6317
4746
4837
6428
3210
6035
6599
4965
580
2052
3344
5742
3403
4782
6052
3759
5693
1237
6023
3557
1530
4285
3760
3940
2974
1679
3406
4614
6228
6605
2362
1075
6507
3459
2133
1178
7927
953
6247
2683
8147
1640
2684
3480
3237
5313
58
6496
4340
2762
7449
3570
6277
354
7579
1759
1866
3565
665
2357
3208
3048
7636
2877
977
685
6254
4026
7460
5748
1023
898
3264
7527
3688
5969
7205
4890
7533
587
1885
2163
7988
3563
5754
4716
1385
2940
2469
6927
7189
8113
4903
2634
4766
5319
5525
117
3791
7705
4576
6768
595
5600
5254
4556
7486
3252
5734
4786
6563
3217
1608
1174
5608
7691
6885
3451
6022
7225
1299
4385
6816
8157
7838
3418
3036
7489
2359
2935
998
836
6379
625
2652
2005
7107
460
6069
705
1673
3525
7440
3490
7016
4426
1426
1037
2339
8170
2982
6910
6014
7811
5240
7023
4055
6718
2419
5393
2861
61
5093
2081
6867
3850
2443
2418
5050
793
3044
487
4150
7178
6934
5036
3340
1634
7565
6687
6084
5530
7386
1003
666
6414
2770
2518
7380
2263
2016
4554
6528
8006
4604
1808
321
4545
1446
4071
2371
2151
5091
3164
2608
4423
568
732
6515
1652
2980
4709
8188
4320
2463
3500
1723
1826
6905
4932
4635
2563
2104
834
7761
7924
5212
6753
3591
510
4004
1757
5481
1654
2772
1667
4196
2420
3261
7589
6473
1070
6635
943
7995
6685
7328
7176
3352
2464
6010
7142
3981
7725
3894
1133
5729
5311
4233
1997
4970
3822
4128
1380
4823
2626
291
8008
5945
2449
2440
4270
1974
2937
1140
5547
1619
8021
125
8074
7981
1206
25
1559
525
1496
5008
1064
7109
6061
8185
5390
4889
75
4678
4976
3366
1545
1210
5083
7537
6628
6691
7888
5619
4132
5288
4047
1505
1151
1555
1705
1567
2154
5959
7643
4841
5948
5280
2866
3487
3895
3342
1207
2670
8083
225
1846
6504
2441
1310
2193
2445
3943
6584
5572
4910
1598
2278
6740
2254
885
7088
3588
2887
182
6776
870
1892
5953
4748
5362
2065
3528
3266
4934
6553
6372
8181
7215
79
3936
6514
871
4058
4204
1989
1887
6130
1124
3561
7135
5556
2365
4153
1195
1129
2224
1836
5845
7558
3747
5512
867
8180
3754
2218
2017
2490
7296
1009
1216
6223
3579
7438
657
8059
4334
7395
6064
6562
2599
2874
5196
1135
6276
6564
1347
371
423
3290
3347
5080
4920
6370
6215
1867
2186
4982
8085
2253
4805
2728
2447
1710
3637
2604
7914
2776
2938
4251
7824
5022
4573
2297
4761
7682
3848
7950
8014
2781
3465
7458
1242
6318
1287
465
1633
2178
2176
6001
6616
1464
6710
7200
1924
6172
2741
2734
4590
638
4244
4924
537
4121
2047
6875
5148
7246
631
5141
2202
3670
2593
3896
3799
6368
1420
7013
5000
3050
2374
1162
5919
5876
508
7141
1331
7242
3055
379
6299
2559
1154
4054
7536
1126
3712
4524
2227
4012
7448
648
1033
7614
1677
96
3296
3755
803
1520
1351
2824
6817
50
2587
6781
5001
607
1662
873
6450
4146
2379
864
1907
4898
6258
5880
2891
2850
6846
6218
168
1181
2507
3720
416
388
7514
717
4858
2576
3031
7540
2717
2673
4582
2560
2246
5207
618
2804
4333
2071
5844
2715
3734
4609
5819
8165
608
7098
2425
7172
3387
5698
7333
3219
3158
7416
1010
121
5216
2994
7349
5666
2988
2376
4316
6852
5545
2958
1072
6853
6053
2765
591
7699
1942
5861
2401
5423
274
3132
3816
7511
1034
7714
3367
1427
2910
1581
7997
3859
6693
903
6665
4428
123
6929
1872
6273
664
1946
3658
2600
2058
4493
6894
2261
681
8029
2083
6607
5210
1283
2387
1474
7804
1835
7777
5487
1158
7785
7623
7322
1689
244
2455
6550
370
6325
575
6389
3992
3762
2114
1714
269
2502
6902
4252
3271
5371
2778
5451
5369
8172
5702
363
7776
2724
6624
5973
307
2290
7870
7453
7212
1028
6716
7834
687
175
5553
4618
5303
3231
8162
3869
329
1376
5341
1983
6913
170
375
6932
3463
2820
4941
136
8034
2239
2095
7522
690
4763
8049
5463
7261
5580
2324
6636
1132
3955
855
6355
1831
6378
5894
1684
2826
2675
6835
3109
6709
5367
2251
1990
7418
2233
3471
6313
1305
5735
3622
1622
5648
7364
401
6987
5515
5121
5884
4112
774
13
5858
2703
1636
7315
5231
6196
6169
6068
6854
7685
1118
1508
3719
5161
3157
2975
2555
3991
1936
7650
1186
4797
3224
3073
2103
3925
7435
4935
5086
5936
424
5859
4758
1484
1127
1395
6695
5561
139
5676
8191
2868
567
782
603
5669
163
825
60
2902
1071
4000
5062
1176
6288
1263
758
7926
5312
1908
6646
2968
1686
1704
3330
2909
6324
1884
3645
8125
7949
3903
3460
3492
601
529
4107
3283
7287
7060
1665
4022
2082
6245
3741
1025
1717
8156
5253
3507
3932
2613
3267
1417
6358
1223
5410
7153
407
177
6782
3349
4342
7606
645
99
6210
3454
3402
4826
1994
5075
1767
2244
4317
69
231
2409
5944
6040
7139
4968
5089
103
839
4017
3731
3285
833
7161
515
5590
6582
6227
1313
5633
652
4869
3434
145
3363
739
4420
4881
176
5395
2286
3152
4030
6072
4163
1547
3838
5350
303
7673
5103
2880
7194
3467
7158
4172
6111
112
3621
1246
5668
1144
6750
4544
2710
1998
7041
6102
4972
1560
2203
7775
2243
5874
7087
1421
1326
5074
6980
1873
5357
6724
7303
5352
684
3373
185
1955
7085
2221
2307
7688
6387
172
5316
2092
3665
7829
1342
6873
5758
2446
3376
6643
3584
8137
5508
7987
6046
211
7612
4412
5053
7658
2038
6578
1083
7157
987
794
7726
1082
4640
27
941
6804
5042
5424
1792
4045
6773
7309
7351
5683
1605
4676
7409
3785
3577
267
481
3562
7530
738
3890
6548
1146
7029
5628
6956
4248
3892
1122
5462
7817
2584
7096
7663
2283
3154
7516
7956
7779
7584
3385
6961
7104
4751
1091
1971
2983
787
3715
1524
3083
4606
785
658
3851
1160
3513
4174
7917
1902
1324
3016
1232
19
7953
384
309
3151
3018
5641
2183
248
4280
7767
6405
3144
4147
3251
7970
1702
3538
5841
4897
4478
6746
195
1119
2523
6779
4127
2150
6497
5045
1668
3581
550
5574
1937
2923
2067
428
3602
7492
4338
520
2085
997
7394
7882
7907
2105
7934
4589
16
3954
2128
5057
4925
6407
6912
8136
210
421
574
6263
5039
3951
2879
6315
6859
7203
2003
6025
3369
7235
7651
7445
3739
1284
5688
2496
3213
1614
2841
1022
1204
6287
7957
1719
2718
2232
7048
4798
3092
23
5713
2187
3923
850
2273
7503
3177
6316
2966
2200
5966
1625
3656
2220
4451
7464
3504
6664
4148
281
6255
3928
76
2333
5836
2972
558
5962
2534
6620
5637
4436
5605
5065
3100
7091
5699
4742
6500
5338
1773
3137
2315
7424
5295
3585
358
34
2676
5172
913
3442
2788
214
7083
2996
1424
6936
2998
2503
4500
4410
7525
5087
1525
706
744
6383
5228
7993
2395
6118
4253
1630
4605
5862
1489
4184
3318
7010
3516
6971
6729
512
4912
2115
3276
7967
5028
1452
3147
644
1609
3311
1363
4298
1973
991
4084
7857
4927
6533
3201
3354
1422
7026
206
5113
4750
3744
2028
1820
3122
1890
1279
7035
5893
3709
7434
1756
1155
6651
4548
3396
4077
1384
2747
5985
389
2134
5621
3749
1442
6374
2302
7962
5500
7805
1322
7257
2508
3881
1659
2141
4366
5360
4013
2955
3774
814
7815
1166
3180
572
1024
4123
159
8190
5233
6448
8168
3323
4133
6351
4194
5516
3947
907
7463
3229
3220
2118
5900
1611
6997
2256
7182
6521
883
3767
3488
7454
5226
1264
4097
6359
2431
533
5856
5382
497
6335
7887
8128
2881
6840
5873
3056
1300
6402
2623
8076
4033
6348
128
7681
996
1962
4464
3708
219
4229
4273
4433
2260
450
4943
6625
2123
920
3783
6294
1529
4173
3849
1932
1041
7123
698
352
3994
4330
190
2936
8055
6823
2905
2377
3253
1781
7196
6117
1535
100
7607
5722
3262
6747
6745
3371
1168
6645
5721
4806
2054
1344
8120
5542
2821
1635
2825
216
7793
3087
7963
8004
6593
2426
5752
3727
1646
7670
1743
41
4308
2068
64
3071
381
3937
4672
2854
7353
6858
8092
5570
398
4852
7965
8002
2883
6981
5769
2779
5364
4347
7802
118
7186
1320
6416
5772
5027
1233
2139
7347
6692
4135
6341
5398
4514
1732
7959
5816
4304
4772
4529
7114
8019
7618
3401
1353
7994
4382
3646
2109
7910
3679
3054
1225
6085
2582
1764
6931
8072
2287
7599
426
1265
5429
519
4690
3433
1752
807
3978
3960
3065
2750
4687
930
5428
4040
5007
4843
5538
2963
3325
7929
5623
3355
7357
7878
1243
1534
1896
6050
7845
3030
5685
5958
1390
2474
3926
2228
3372
7813
4686
6552
6597
5208
1459
4290
806
2284
7307
1247
1343
7237
4497
3554
1048
6188
1674
5272
5847
1182
141
4712
4435
3964
2272
5970
2164
8048
1546
2304
5101
4825
5814
1043
6198
4215
455
7507
3449
3415
2336
1965
5250
2265
5524
3703
7680
5764
1357
8050
420
3795
4223
1580
2969
5800
741
2432
1577
7908
7909
888
5454
1502
2034
1876
5794
4849
5466
2999
7173
6542
1769
2672
6193
3338
6677
4456
4515
5546
4415
3246
6322
7038
3988
5406
6470
3974
5618
1692
5170
3269
4289
562
1602
7683
2808
478
5349
5606
5325
6783
7479
5550
6799
2705
4192
1276
5194
7378
4922
2802
6208
7721
3105
7371
7437
6274
4722
588
8035
3531
3596
2099
4110
2036
813
3574
7462
1666
7201
6437
1134
7695
7667
3146
3750
3965
6054
3409
7358
5478
5617
6319
1862
746
8141
1101
5987
5725
5264
4804
5807
5768
1787
461
3263
430
3847
3916
56
3142
4641
3919
5531
842
5458
596
6039
1543
5020
4864
1069
7768
2886
2830
7664
7402
6914
3784
5373
11
7919
7335
184
5242
5843
7598
4254
3167
1563
3655
4023
6459
6465
5420
7832
5376
945
3486
1268
3772
2450
863
2300
5431
3560
4717
3332
4318
4916
4856
5033
1240
5026
4305
3456
7756
3824
87
5788
2135
7639
3094
8091
3019
3875
4650
6331
229
2204
5926
3586
7794
7637
2713
2609
1707
116
1457
578
3544
8114
2373
3717
3858
6733
3907
6129
2837
4575
4909
5385
5480
3632
1900
5835
4853
6763
6066
8062
1910
2842
3819
3787
6767
3627
6714
2605
3091
5823
294
5278
3333
713
4099
3002
6641
2565
3746
3127
1434
630
4729
349
740
3620
6007
4531
7168
2213
4735
6329
5929
6877
4207
6262
4586
3845
5855
4980
3155
2611
3301
6834
3196
5955
4465
4521
4832
2314
3429
3576
6103
7860
5405
1388
7594
6033
7847
2730
7422
6456
5260
4235
6412
7009
2222
1432
540
8132
3967
3437
2466
5860
7975
2098
7750
491
3327
4842
7401
4558
6009
8028
5355
5937
334
786
2957
3921
3654
6541
896
5783
7734
8115
5465
5889
2836
3948
1334
7613
4979
7282
6079
5526
7429
5527
5614
614
7730
1201
4580
4656
8111
2110
3917
1131
2015
3281
5770
1985
980
7152
263
6774
1439
5346
7159
5791
5761
7177
4355
6538
5914
4975
3108
7100
7753
4552
2655
606
6591
7762
2819
2132
6070
1816
1
4959
6698
67
254
3696
2572
772
6880
406
500
5268
5309
6964
4190
448
1746
571
5133
6487
3891
480
7149
7974
7524
452
8182
2569
6942
4851
272
7400
187
4516
7587
6930
678
6342
4700
2102
7978
462
4677
449
4364
4094
4212
4698
164
4164
8067
859
1539
3297
2925
4277
3884
6696
5771
3005
2406
3669
1957
8025
5145
2722
5514
6337
7070
204
7337
5181
192
6236
6034
4188
5539
257
440
5434
7391
4183
2062
1451
7266
5193
5365
5643
7605
4095
6080
1266
2945
7110
5909
4259
2912
115
1007
1758
4182
6723
2682
6647
5329
6484
3293
642
2662
7797
2614
3941
2250
6765
6112
6959
1235
6127
7169
8013
4757
7
6508
1699
2313
1855
2433
8105
2320
3812
7744
4733
2348
7252
8101
3032
3316
4593
7707
4336
5415
1365
1648
7912
158
1306
1951
1786
6191
188
8073
5842
7851
1341
335
6158
4059
5391
4713
7539
4348
1925
1199
5035
2470
6003
5468
2753
3530
3411
1727
5988
4439
1571
361
2353
1711
3389
6345
2111
3302
3258
4728
131
2890
2435
621
7115
3933
6495
1589
7555
4378
7936
7575
8080
1079
425
5662
2436
5869
387
4857
1789
2735
2810
2712
2424
2801
4261
3059
4938
4445
760
7692
4731
2454
916
5505
2452
6005
6260
3114
7787
5552
1435
890
4679
6663
3865
1137
7147
2511
328
564
5151
2659
2768
6013
1527
7875
6888
831
2997
6451
7230
1616
2269
1103
5912
3200
6151
1172
4140
6252
6895
7892
7980
4661
29
1500
3128
6486
6173
3519
5647
4673
385
1875
4901
1189
6554
784
935
4829
5301
3197
3496
1044
6089
3424
1143
3104
5256
7505
7382
3181
708
1177
7941
4050
1165
1948
3606
6984
3436
2939
5081
6056
5055
2032
2448
6818
252
2483
5778
6893
7773
3522
5732
1026
8148
5728
3235
2144
4111
1550
7244
7124
2370
3324
680
7871
2922
2079
6898
3407
3072
1655
3171
133
443
2060
4490
5686
5585
1352
5054
5564
4384
2294
4939
6214
709
4224
5219
7033
1886
5704
2748
2289
7896
7350
1346
4341
8100
7634
5851
8056
2731
2505
474
4185
1627
627
63
1879
6573
6792
6266
7406
4817
5227
5616
3972
5013
1967
6362
2422
868
4921
7446
17
1252
3244
7456
6965
8177
6109
6192
470
376
1065
5871
7451
2264
504
2131
7040
3215
7160
369
6546
1978
394
7647
5335
4005
5381
6480
1394
2039
2644
7512
7661
5281
4562
4103
5040
526
1721
4928
6249
4161
1507
4016
6943
1490
6672
7517
3993
4468
6615
611
720
1018
7006
3805
1049
8099
2839
5183
832
2011
4227
485
7697
6446
2182
1411
2786
1680
6491
5897
7960
4801
4202
5930
1926
2167
7823
4530
7769
1830
7788
132
7640
3815
661
2889
2702
1267
3706
5503
6024
4675
2061
5703
3184
6163
1163
4873
3701
3806
488
4177
7898
777
5119
6974
1480
5252
1798
2340
36
3605
3873
57
822
5782
6304
5781
2137
733
296
238
837
1369
4967
3893
6679
3006
3623
4467
1682
582
1647
4845
1441
7483
3236
778
3441
1934
3106
7258
4878
5435
2129
7428
6113
2798
4587
7922
5160
5566
1670
1762
4291
5620
4195
4286
7899
202
8065
6990
5798
6205
5489
1102
517
2943
3977
4565
6453
5646
3084
7295
1587
5333
148
4365
874
1238
6177
6720
3103
7474
5655
4256
5910
2985
5305
8097
5384
6384
2658
4457
4169
6808
1169
5270
6699
3829
7143
6682
2661
1251
300
74
7099
1610
5956
1643
1575
5989
1549
3014
6204
4684
7743
4424
3255
1503
212
7827
1294
5879
2023
5024
6259
6364
2743
8088
4403
1253
2882
6730
545
6749
5839
1078
3603
390
2147
4583
451
534
1493
6977
6866
6700
1114
4566
632
5056
1052
7510
4352
6264
7329
2930
4032
1309
2984
6667
5657
2667
2356
1901
994
494
7255
4542
1050
2268
3464
412
2021
4937
1664
5223
1718
7101
3610
4954
7180
6690
3287
1722
3813
1591
5334
5150
4802
4850
6217
1360
4469
7269
7918
3027
5404
2197
6571
7277
4151
1423
766
191
2562
3904
6270
3814
824
4923
3510
1491
209
2349
8078
8094
3856
1397
4844
3998
5975
4239
1359
5681
7478
6240
355
1564
914
2281
5005
5907
3607
5976
905
7432
4964
259
2184
2979
4793
2262
1938
7774
4119
6630
7863
2893
3846
2643
4570
6920
2024
422
2116
3498
386
893
635
1849
5656
5142
5128
7079
7452
374
4956
841
7733
4969
975
3043
3188
6401
7657
4861
3792
4734
6388
7484
6461
7052
3505
5029
7569
2873
2757
854
4371
6303
7145
6701
51
6739
7316
7125
6
1981
2843
4250
6629
7526
3419
4860
3085
3535
7577
7415
2782
2915
7604
6535
7392
4557
6147
2516
3619
8005
3310
6308
7944
679
956
2499
3899
2971
3168
942
3088
5470
5664
4332
2477
6300
5440
1952
1804
6027
2657
2602
576
91
707
3277
523
5802
6408
2871
5147
6899
3166
590
4753
55
4629
2775
7501
3604
2479
4486
682
5866
442
7646
3119
6594
3175
5824
2642
330
2538
6540
1234
4321
5123
860
3778
869
4049
7580
2566
4306
592
93
1400
1030
5068
5963
4120
4957
5877
7674
1706
6044
2172
1645
7955
4525
3725
5495
1362
7564
5158
3723
1641
277
1531
1348
4866
4874
5298
7867
7749
5830
5581
5762
1438
4628
4116
955
15
3009
6131
6431
1062
696
5314
313
7376
1521
7334
4165
3288
5499
979
6239
7717
2858
7388
5258
6576
1008
6530
2196
4732
3432
327
377
5030
4101
3058
5234
1750
769
6489
5834
5249
7209
2282
5738
725
646
7002
7294
538
5996
2537
5932
7427
1458
3493
5323
7943
6156
651
4260
4739
791
5981
3216
1005
5453
3644
1440
48
7191
2583
7610
5740
7450
2367
716
8026
4395
2117
1067
8107
6099
3022
3095
3828
5941
2554
2504
5099
6871
5058
7121
7759
1749
2720
6654
7920
5813
6831
936
4219
5923
1822
2063
5995
5548
952
3883
4269
3143
5569
4644
4918
3248
5993
5100
1261
3010
5674
751
879
3199
1905
1898
692
759
3874
150
6241
886
6095
6868
2205
677
3877
2619
7233
7228
3625
2482
2031
5131
2152
1623
829
704
6999
1374
4659
3626
1445
434
8095
7117
6297
4689
7049
7711
4536
4949
4636
6800
3820
6614
1454
4144
1197
7921
7001
7325
4390
4489
1782
3379
4299
3120
114
5106
6778
973
3834
5817
1628
1631
2906
2174
7187
7502
2900
7933
7710
1595
3885
6400
1735
7222
2179
6631
2210
4307
5863
5479
3368
6137
154
5092
4302
7274
7954
5302
4462
6478
3049
1893
3474
8033
5375
1350
3225
2368
5691
232
1537
5084
4354
471
2296
1805
1055
4893
111
4387
876
1056
5697
6464
4282
6136
6757
245
676
4887
4624
3241
8131
1526
24
944
5003
2696
6617
1512
4888
1316
3788
797
509
4902
3980
866
276
7629
3612
521
6419
6673
6357
750
2119
1329
1847
5551
6321
7859
8152
3776
1621
2055
4683
1222
6114
2171
2461
4973
925
6350
1799
4848
7781
4974
6361
5903
4398
4189
2199
5155
1703
2427
3801
4674
495
12
7442
3160
528
5520
4681
2656
1173
671
437
1709
5077
6937
2366
4455
5642
3934
7615
1663
5308
3549
7542
4010
5259
1117
6353
602
2650
1161
1840
2372
4946
4438
2223
3533
5257
5176
316
6398
4020
6844
2402
3438
7625
319
14
3640
144
3337
626
2764
6558
5644
6717
4370
8121
5506
5401
585
5438
2229
6418
1676
3102
5137
6086
107
3466
3129
5705
7224
4027
3149
31
7183
3037
6732
1281
5540
598
2073
4481
7528
2845
6008
5497
6993
1269
1888
2159
1827
6234
2410
5267
2595
4539
2162
1293
5998
2539
8007
6610
3421
6305
278
7318
140
5711
5363
922
2252
4386
1509
4393
4199
6340
3025
372
4543
7036
7745
1988
6968
1870
2627
6220
1108
4230
8020
1889
2291
5865
728
3794
6900
5523
7064
6849
2896
6457
3711
1991
2358
7866
7248
3878
4993
4483
3639
3191
5511
5082
1506
1939
3863
904
8160
2706
4647
8163
6922
2789
5775
5205
325
7986
554
6475
6154
6119
2856
3583
4372
1935
8187
181
3751
5627
3634
4670
6539
2303
6295
7164
522
5339
1428
336
3931
7385
2977
7025
4171
1315
2327
2500
1754
1112
6601
3135
7250
2529
4406
4904
1956
4559
6057
764
1014
7092
193
1574
5460
7439
1391
1208
4862
5902
1613
971
2465
2385
7718
6946
3652
3705
5753
5763
6108
8133
2209
2237
4625
1579
5555
8112
2552
6791
7951
4795
3259
3294
6139
4232
3397
2267
1001
2928
2607
6363
5486
7495
6012
5169
6048
7301
5787
961
4141
7498
5592
3468
6512
4767
900
4089
2001
353
200
2794
530
8009
3987
1205
4061
3212
969
453
2381
262
4774
5449
1551
2512
6280
1330
6972
4992
2025
2818
236
5639
516
2194
2341
357
5632
761
7541
250
4579
4064
4929
4876
7118
6828
6272
215
3173
3559
1947
1642
3927
4807
4154
3082
1807
6159
673
3351
4466
4329
5818
6165
7192
3195
5279
3249
7399
929
6339
7218
4563
1255
410
3752
3693
6565
2852
5432
566
7740
5918
2831
6047
8106
790
6780
5492
4191
6180
7915
1834
7343
2742
2942
2685
2633
5720
2632
6992
4449
2780
2638
5097
5446
655
689
8104
2828
6722
7778
3683
5971
1378
5774
2007
4060
4008
178
5444
1472
7369
2019
1691
213
1629
2481
5773
518
419
6281
6892
1649
649
6947
4287
6510
4948
4086
4764
1443
7165
3023
5852
3590
3770
5171
1741
6882
5144
2168
6289
3156
4206
73
2680
1358
7783
3153
5359
7712
186
4234
2234
4610
2855
5558
2089
5442
5102
7441
5943
2276
6976
5225
5060
3161
6887
3275
7724
5088
2009
735
1599
4018
5046
4759
5882
1462
6122
1984
5803
5011
5840
5266
5090
4951
332
5185
6836
2471
1927
5167
5157
5965
1768
5031
7552
7771
668
4865
6995
7226
5717
5002
102
7022
3320
2635
1928
823
2737
3089
1202
3343
4009
695
2528
3578
6472
3609
396
3771
270
1697
2383
3107
8087
4036
3270
3458
5810
3307
3346
59
7043
7520
3879
2892
5891
7020
1843
6128
6570
3238
3997
7571
3052
5675
2087
8149
1021
2651
1698
383
1685
4799
5795
5283
7126
7916
2884
2415
4494
6876
4327
3046
5473
4118
239
7436
2964
1433
6146
8038
3527
6861
1734
7513
7425
6790
6619
4203
3821
830
502
4891
4092
4046
2241
4422
939
3552
3545
6794
6493
2876
1450
1086
6697
4475
7198
6088
5709
2823
7290
6580
5246
7738
7433
7840
4671
3299
2122
7499
5455
7327
7635
6926
3524
5110
4564
891
1488
1080
7600
6058
1864
3024
6632
6509
2745
38
6406
4213
1582
5243
1733
6575
4601
768
7998
6485
7039
3897
1572
2809
6275
5695
3286
2814
6721
6110
8042
1128
7018
1596
6200
8030
4919
7720
2149
7616
6360
5345
2806
1249
1923
810
7837
5186
1720
5809
3423
1860
1960
812
1917
1109
2332
479
4642
4710
2987
8068
297
586
109
7947
1801
5409
6133
7816
2783
7259
4458
6377
4136
3121
5290
5452
5872
8117
6257
5132
3790
5896
7518
5104
242
1303
6815
7313
612
1959
6055
6634
3247
2312
113
3329
802
4157
816
5521
7470
7735
400
456
4115
1498
7948
1626
160
4821
4794
1522
2621
8153
4293
3864
2640
3282
6588
2175
3069
4419
4978
1963
5127
6432
4699
324
6143
3483
6421
4540
4999
4037
6189
1402
40
3000
7925
4780
911
403
7903
2660
399
2524
7563
2493
7732
6819
6427
5426
1271
623
251
4218
3673
1371
4357
6551
5262
5535
1832
2207
3990
4159
7017
1701
5885
2066
4584
6921
965
4460
7003
4258
6229
4417
2414
4611
2610
5491
5950
4991
926
514
3138
8175
3226
4432
6850
1157
6311
1259
5696
2382
2929
6755
8122
8174
3503
7223
5188
92
4038
593
3375
5672
8075
5739
1046
1877
6017
5317
7208
1561
3064
6285
2597
2347
1092
5217
6091
6082
7723
4879
2901
669
3558
7468
1020
999
3364
4006
1653
6123
2865
3099
1744
6907
1618
3831
8164
6352
2586
4337
4818
4343
3540
4523
1656
8179
4697
919
4102
3638
1296
1105
1120
4368
8054
1229
6235
7828
3206
3047
4551
808
2556
3547
2959
6442
3350
1850
3326
3961
8084
3491
2157
4597
380
2257
4940
7074
7375
4779
5967
6878
2434
7545
5361
4855
1125
7830
7861
3315
1221
851
4703
6924
2784
1167
4499
6684
1523
4416
2615
6843
3713
7780
3361
482
2475
5960
2170
901
1637
7051
3077
5573
431
5348
1098
2487
5179
8096
2258
5595
2981
2535
3707
5189
3521
532
3944
1027
1074
3966
1321
4528
5286
3714
7359
306
3098
6045
3110
3901
6323
5412
2863
7256
4756
7728
4096
3808
5831
166
6226
3265
3882
6618
1387
7939
8037
2214
6517
7286
6604
3902
6674
7809
4496
6896
6132
1565
613
6482
2630
4093
89
4749
6903
6543
4883
2914
6141
3970
3880
3453
5078
1396
5982
4663
2577
3835
7279
8126
3920
4955
4963
3786
6170
779
3080
1302
5793
7849
323
5635
1823
7751
1715
5920
2829
800
6312
4166
1944
3698
5214
98
4414
2793
6994
2013
7897
6425
3945
2400
7706
1272
7877
198
1218
3239
5134
3853
1724
4747
4527
6417
2917
2932
4808
5638
4351
4109
5138
1425
124
6644
266
7561
8
2189
4727
5399
2236
3810
3906
2927
1224
3444
226
6915
4472
458
5324
3651
1842
2624
2308
917
7384
2316
5098
5517
6758
289
4242
5700
7112
7496
3861
4632
7072
6232
3093
4522
436
6026
5378
6502
8012
711
3687
1096
310
6373
4246
2270
5726
7932
5344
7596
5921
852
3641
6568
947
5297
86
3356
882
7300
7293
7032
3704
4507
3512
4720
6466
4074
2416
4847
1604
7444
3643
1865
4791
561
110
346
8016
1919
3040
6409
3204
1632
4479
7856
7582
6135
1678
4998
7821
1487
6784
6855
4745
2687
6557
2096
4705
639
6309
7129
2421
3817
5394
6864
1339
5472
5604
2631
1295
4100
7138
5522
978
3888
5125
7906
4437
7058
8060
8071
5949
174
6231
2492
5377
3765
7345
775
1573
4025
1000
8138
2663
7459
5129
7305
1006
235
6449
5826
2811
5658
6381
1481
2726
119
4042
1236
8066
2064
88
5379
7969
7188
8063
701
5777
1578
7086
7155
7469
4225
6742
7581
2010
3690
4487
3898
2774
90
8183
1393
4405
6838
7831
6705
7557
6016
7560
6197
2785
988
1288
5366
35
5905
1081
3575
5822
3630
5784
594
4397
5680
439
4769
3989
6162
897
360
2618
780
1740
2166
5654
3938
3232
3416
6385
3780
912
1469
2485
3664
4501
2124
4777
821
2428
4652
2506
8057
4044
3477
5650
2274
7280
6986
1495
1036
467
4737
2513
6167
7716
4867
3613
7047
7631
6795
1150
5701
6251
4741
5849
4809
5663
1227
1517
5482
4158
694
1323
6150
5085
4358
5271
6789
4781
6369
5947
5251
2338
2894
7966
476
4953
6786
2817
3564
2954
7362
3026
1776
5596
2226
1617
3567
240
2580
5162
6775
1954
5488
5984
454
3070
6738
670
7590
5850
637
4947
364
2827
6463
3362
2195
2323
286
6182
3148
457
7881
4886
7421
5931
6879
4621
7601
662
2695
47
2201
2491
2056
1220
6863
3668
283
2913
4736
992
7204
8044
3659
7654
3541
5767
1970
2169
2453
393
3150
7069
3666
1256
4880
3732
7076
4495
951
78
2708
6349
1066
7652
2146
1745
3684
295
1607
5609
5906
5340
1116
1693
5829
3809
1590
5165
4819
7666
4846
1690
5808
5602
7332
1514
5496
5899
4314
5156
4401
127
7549
4511
1473
7971
643
2255
1298
6078
6394
1455
5402
459
7240
3971
4648
2729
3412
583
7548
6073
1880
7748
6719
4292
1139
958
7028
3975
8127
1404
7412
302
4447
8135
7764
7368
5265
1035
260
6626
7935
409
221
7324
6518
1336
776
4626
1209
5992
2665
4162
7130
4076
6498
847
3321
2391
5164
7461
1228
3889
1660
5124
1811
5875
7977
2285
2022
4775
2093
4581
2551
2472
7964
892
7073
5712
5343
1437
4776
700
7880
3021
3223
5476
4526
343
1040
2903
285
5467
3067
6771
7807
5571
3497
6908
2305
4950
2950
7148
1562
5977
3339
7602
3159
6107
4664
2292
4945
5153
7644
62
3322
1106
5448
970
3126
4034
71
6741
5990
1194
6787
1748
5209
2266
4658
5443
5934
4208
2812
3240
8058
6955
4310
6328
2113
1761
6891
5718
5744
7061
570
1940
4783
3245
1019
3830
5332
795
4198
7676
4431
2378
2991
4309
1311
7836
5597
3900
7042
7360
8192
957
2931
2933
2899
2849
7044
7390
4041
4768
5232
415
5414
3431
3189
7523
6637
660
3414
5868
5804
4870
3345
4476
3793
2517
7407
2760
5991
3939
344
1883
4155
7722
2413
3136
6825
4091
8052
5372
2541
3728
3140
6950
7812
6748
6870
789
7171
4800
2679
7757
6555
94
6797
1891
6168
6083
208
2589
4407
5163
5710
2833
6969
1090
6830
2578
7030
2847
659
5543
7420
2429
4915
1013
981
894
7633
5403
8089
4477
3680
4442
2008
2951
1810
6380
2934
6455
3587
6098
5197
723
7367
5184
5386
858
573
1620
2460
3702
4546
2501
7876
5651
3611
1418
2616
3250
6754
2671
2549
362
771
5248
5825
2620
1047
2216
4603
2153
7641
7698
8081
5059
811
722
3482
7727
6869
2033
4899
1742
4634
6460
1327
5079
7621
4265
7379
138
849
3133
4170
880
2864
6901
5236
3663
715
4106
6678
7553
2331
932
1777
7826
151
5924
7992
6595
5832
4353
247
4620
4236
234
5789
264
8118
1708
6494
7862
2173
3508
129
7163
5130
6659
2027
4682
804
1031
5857
2919
4255
2948
6596
5182
1863
934
5724
6702
3233
3358
872
2990
6049
6356
433
3028
7075
2106
809
6522
1366
7094
5342
5519
2970
4315
5437
4820
44
1999
3029
3827
7078
340
8077
3514
1373
1389
4237
2145
4646
4633
6640
1639
8043
985
5589
7820
288
6653
1077
4411
5913
7071
3113
2225
6138
5624
4599
2755
8124
5204
5694
633
2791
5670
5114
5979
5765
7675
2736
3426
2020
2404
1795
5353
5213
7193
4450
4760
7488
1788
5076
610
1528
3413
962
1338
8109
173
1100
3789
5461
10
3448
2669
5888
6860
7497
1583
4408
2898
2478
3996
7093
6458
3844
4434
535
7493
5108
5796
622
1968
4052
7037
3742
3045
3341
5692
2591
6686
7263
616
7410
2570
3511
5626
6224
7134
877
4463
1292
4567
7562
2046
5019
5358
7790
6415
1976
3930
828
3076
6506
7583
8102
2191
6524
2301
5881
5827
4550
4053
640
2004
1104
4068
2053
2363
8031
1950
5397
6833
4087
101
7972
5459
7105
205
7784
6925
1904
2527
3145
938
1585
4651
5203
4072
6438
4701
3134
3818
6727
1314
4279
4730
6529
2451
3170
5615
3430
2389
5631
3420
7689
7275
4994
305
697
1407
4792
5195
7592
8134
3876
7850
1829
7326
1790
6881
6756
1992
4429
308
356
2519
4574
1824
620
2041
7576
2390
6916
39
5625
4418
1254
7693
6392
6059
4833
4262
6327
4090
1796
5898
3635
7062
3724
7938
4186
5579
3518
5327
322
217
7034
2888
5117
3298
3866
7137
4547
8186
1213
1566
2536
4470
6094
2329
5887
7007
1318
317
1304
7999
7372
3681
817
949
7213
122
5498
2961
4513
6386
1188
2746
3214
8171
2138
5928
6851
672
6960
4078
4400
1171
1175
1260
7989
2921
2648
4952
2091
5715
1556
2480
1479
7534
781
3124
7229
7968
7556
2544
7703
5974
4019
8189
6292
3117
7766
3038
7090
5175
2086
1361
798
3
3995
7477
1004
7782
1485
6399
6567
3860
2394
7626
7852
6801
391
3870
5064
3034
4868
3983
2335
5061
413
222
7704
2641
6805
3798
6391
1386
511
7872
5667
7770
6536
4509
4491
3230
4275
5549
4660
2924
6413
3289
3949
6958
6310
2585
6884
4612
5806
3101
5757
6452
2120
4615
4488
6004
382
3929
4079
4822
7923
3737
5490
5494
6611
1107
5112
414
2543
1332
650
2155
3222
6973
7190
4160
5200
4900
1447
1416
6545
1996
6250
1483
3284
856
4083
3086
1476
4399
5870
4696
2030
5407
6242
6037
5736
4249
7063
3689
8161
3193
6814
4560
5069
4787
3763
5202
5048
438
6439
255
4694
2870
2603
3461
1813
3008
72
6511
7330
3499
5321
3243
4506
7905
1728
5886
3015
320
3506
946
1054
4519
3395
699
3946
1068
3399
976
3218
4331
5661
7356
7348
1510
5037
1501
7321
6810
1011
7128
1328
3629
6523
7281
4350
7700
7659
3494
2601
7467
2531
5935
3600
3381
7696
3185
5890
4762
1882
3580
3309
1760
6376
3756
2860
2916
3914
6148
3257
5972
7760
7886
881
5177
4704
6307
3081
5716
6940
4961
2514
2530
542
2697
7133
1099
5310
2238
736
3595
6759
22
7397
279
299
261
6404
351
6826
3394
5230
6991
3597
1794
498
4283
539
1922
8176
6569
7249
3594
7611
2467
7754
3035
4421
6293
4247
7855
3472
6928
4942
604
2797
5
2249
1747
3353
1448
6290
3694
3203
3832
5883
5034
2043
6181
3501
5951
3470
3657
910
2295
2337
718
8167
8070
4369
3039
6184
1716
7065
6525
742
2097
844
194
2992
4388
3999
6336
2346
161
1542
4726
492
6395
4571
6839
737
2681
4789
4649
4638
1696
2691
2126
1961
1729
6153
799
3862
1152
3139
875
6075
2725
5706
5559
5261
5126
1226
2040
1519
5070
3386
4402
3811
1725
2078
6633
3360
783
1278
5507
7519
7504
5337
6666
1793
4839
7515
5017
3097
1814
4877
819
7344
1929
4989
441
4796
3489
4319
2230
989
1192
5241
4278
5938
3985
1780
4295
7311
3179
1401
6889
3913
2247
5140
1797
1285
367
2136
4122
5389
5071
3836
3317
3718
4958
3479
2677
3169
7299
7961
581
1301
1250
7901
6365
7027
747
4538
3615
1552
7339
3515
2393
6060
1966
7195
1239
2588
4137
7289
241
556
6967
2835
2664
1687
7879
3198
3192
2564
432
5433
4376
2026
4346
446
3274
675
7690
3672
683
3650
5610
4619
4655
5052
727
5320
5247
3183
1731
5544
895
1335
1765
3304
1513
7942
472
5588
753
6988
5291
6157
6600
7746
7789
7241
6661
256
1355
4755
3837
3677
2375
3178
7890
1568
653
224
1198
2112
1453
2369
1933
3722
1918
2525
7008
5296
4066
1766
6857
2417
2430
1467
7566
1403
1853
6662
4503
5659
7630
6655
6762
7958
1809
4498
3546
3675
3662
2606
1712
7219
5400
6036
7346
7715
5229
1751
1739
6832
1015
3033
3661
702
6657
3227
203
5347
5562
1372
5331
7363
3063
3685
2869
3042
7595
5837
4108
1558
1897
1615
1270
5707
4070
7873
5136
2813
5289
4024
3384
6520
915
4263
4637
7985
2540
5749
6074
5731
1772
6125
5239
1468
4209
2693
7276
2859
7868
1912
5411
197
7508
1184
6454
954
2006
7731
2484
1170
4966
4824
2299
7810
6006
656
155
5576
5416
3254
1774
4691
6534
2692
7976
983
8046
3390
4585
5235
32
5901
7627
5143
2158
6949
5356
712
4592
7430
8003
6149
5577
1337
7053
7911
5925
3445
7403
6256
1029
6676
4834
6298
5330
7471
1554
674
7578
5469
5135
4569
1593
3439
7054
7638
5723
5780
7567
284
1785
4693
734
5864
7120
6051
4015
6371
2051
5066
7292
7004
3911
2208
3279
7284
2143
505
2125
1977
6706
3764
2495
5047
7336
6282
4996
3292
6589
3753
757
543
8129
496
551
6152
2694
2351
5776
4707
5483
3598
972
6598
1377
196
444
2407
7841
1399
4765
3280
2547
719
6945
6736
7531
1180
5689
7833
4149
3601
6806
1775
7095
7055
5622
292
8123
4335
1913
6115
2108
6785
6093
2647
3855
5354
1784
2803
4784
4770
1894
3485
2398
2488
3278
2330
2800
4555
3959
2521
2732
4591
7624
7306
2355
2486
4814
6970
2364
549
6735
6219
2851
6265
466
6121
7206
5457
463
3918
2235
3962
3473
5146
553
5021
493
1456
2965
4461
5374
4985
4613
1943
3745
6711
1002
773
5072
5766
2550
6492
563
1345
142
5815
4211
2408
710
1817
6029
486
902
5747
7622
3003
6777
4197
1110
2048
2188
1211
8166
4441
4894
4907
7466
3539
4568
3924
2384
2405
7573
600
3335
7678
6253
6689
4216
6443
1592
3517
